         0          1   0.296598   0.457502
      0.01   0.971775   0.529408   0.685414
      0.02   0.971775   0.530904   0.686666
      0.03   0.971775   0.533807   0.689089
      0.04   0.971417   0.543918   0.697366
      0.05   0.969467    0.55379   0.704912
      0.06   0.968352   0.574214    0.72093
      0.07   0.967357    0.59002   0.732976
      0.08   0.962739   0.614867   0.750449
      0.09   0.960271   0.637654   0.766395
       0.1   0.948089   0.665965    0.78237
      0.11   0.937619   0.701056   0.802262
      0.12   0.933639   0.721966   0.814271
      0.13   0.923646   0.749629   0.827589
      0.14   0.912619   0.766251   0.833055
      0.15   0.900438   0.797412   0.845799
      0.16   0.889291   0.816039   0.851092
      0.17    0.87297    0.84141     0.8569
      0.18   0.864092   0.856184    0.86012
      0.19   0.846736   0.877429   0.861809
       0.2   0.835549   0.889135    0.86151
      0.21   0.821815   0.905432     0.8616
      0.22   0.798925   0.919287    0.85489
      0.23   0.782166   0.923191   0.846847
      0.24   0.752508   0.932927   0.833061
      0.25    0.73332   0.937604   0.822974
      0.26   0.705334   0.941456   0.806467
      0.27   0.688455   0.942689    0.79576
      0.28   0.665088   0.944942   0.780693
      0.29   0.643949   0.945258    0.76604
       0.3   0.619904   0.948173   0.749678
      0.31   0.593033   0.946667   0.729239
      0.32    0.57711   0.946716   0.717089
      0.33   0.544188   0.945652   0.690829
      0.34   0.527269   0.946381   0.677226
      0.35   0.512102   0.946604   0.664641
      0.36    0.50211   0.945542   0.655912
      0.37   0.483002   0.943434   0.638907
      0.38   0.461823   0.943081   0.620023
      0.39   0.441998   0.941626   0.601604
       0.4    0.43125   0.940157    0.59128
      0.41   0.419666   0.938115   0.579909
      0.42   0.409275   0.936385   0.569593
      0.43   0.401274   0.935152   0.561576
      0.44   0.392357   0.933083   0.552423
      0.45   0.384793   0.931101   0.544544
      0.46   0.370024    0.92838   0.529146
      0.47    0.36047   0.925798     0.5189
      0.48   0.349841   0.922068   0.507233
      0.49   0.340247   0.919367   0.496679
       0.5   0.327986   0.914673   0.482835
      0.51   0.314769   0.912384   0.468059
      0.52   0.306967   0.908612   0.458898
      0.53   0.292914   0.903525   0.442405
      0.54   0.278861        0.9   0.425793
      0.55   0.264172   0.893986    0.40783
      0.56    0.25633    0.89018   0.398042
      0.57   0.240287    0.88322   0.377792
      0.58   0.228981   0.877962   0.363228
      0.59   0.216441   0.871212   0.346739
       0.6   0.199881   0.864973   0.324723
      0.61   0.184952   0.858956   0.304367
      0.62   0.171417   0.849398   0.285265
      0.63   0.167436   0.845201   0.279503
      0.64   0.164212   0.838188   0.274622
      0.65   0.161425   0.834711   0.270532
      0.66   0.156051   0.835897   0.263003
      0.67    0.15215   0.838313   0.257554
      0.68   0.144467   0.832413   0.246204
      0.69   0.141162   0.826004   0.241118
       0.7   0.131568   0.820041   0.226756
      0.71   0.123567   0.810458   0.214439
      0.72   0.118033   0.799539     0.2057
      0.73   0.109355   0.777494   0.191742
      0.74  0.0999204    0.75493   0.176482
      0.75  0.0872611   0.727273   0.155826
      0.76  0.0818471   0.711409   0.146805
      0.77  0.0747213   0.682836   0.134702
      0.78  0.0711783   0.662651   0.128549
      0.79  0.0597532   0.611111   0.108862
       0.8  0.0508758   0.571429   0.093433
      0.81  0.0431927   0.490909  0.0793994
      0.82  0.0339172   0.386861  0.0623665
      0.83   0.026871   0.305785  0.0494009
      0.84  0.0117834   0.176471  0.0220918
      0.85 0.00648885      0.125  0.0123373
      0.86  0.0048965   0.106383 0.00936208
      0.87 0.00449841  0.0967742 0.00859719
      0.88 0.00282643  0.0238095 0.00505302
      0.89          0          0          0
       0.9          0          0          0
      0.91          0          0          0
      0.92          0          0          0
      0.93          0          0          0
      0.94          0          0          0
      0.95          0          0          0
      0.96          0          0          0
      0.97          0          0          0
      0.98          0          0          0
      0.99          0          0          0
