         0          1   0.295659   0.456384
      0.01    0.99171   0.361017   0.529337
      0.02    0.99171   0.361225    0.52956
      0.03    0.99171   0.361617   0.529981
      0.04    0.99171   0.362954   0.531416
      0.05    0.99171    0.36459   0.533167
      0.06   0.991553   0.369058   0.537906
      0.07   0.991045   0.373573   0.542609
      0.08   0.990732   0.382389   0.551802
      0.09   0.990145   0.390381    0.55998
       0.1   0.988816   0.404539   0.574175
      0.11   0.987447    0.42206   0.591358
      0.12   0.986313   0.435841   0.604542
      0.13   0.983771   0.455974    0.62313
      0.14   0.980369   0.469262   0.634713
      0.15   0.974073   0.492265   0.654013
      0.16   0.968247   0.510375   0.668418
      0.17   0.958705   0.538611   0.689726
      0.18   0.951392   0.558149   0.703549
      0.19    0.93751   0.589011    0.72348
       0.2   0.926365   0.611694    0.73684
      0.21   0.910996   0.647814   0.757188
      0.22   0.895393   0.676821   0.770914
      0.23   0.880377   0.698418   0.778912
      0.24   0.859886   0.729885    0.78957
      0.25   0.848389   0.744878   0.793271
      0.26   0.832629   0.776633   0.803657
      0.27   0.815775   0.794745   0.805123
      0.28   0.793524    0.81977   0.806434
      0.29   0.780072    0.83519   0.806691
       0.3   0.755279   0.859855   0.804182
      0.31   0.727006    0.88042   0.796392
      0.32   0.716174   0.892264    0.79458
      0.33   0.690951   0.910241    0.78558
      0.34   0.680823   0.922568   0.783471
      0.35   0.658494   0.934158   0.772469
      0.36   0.650438    0.94427   0.770284
      0.37   0.630651   0.955736   0.759885
      0.38   0.614187   0.959387   0.748923
      0.39   0.592562   0.967374   0.734939
       0.4   0.579618   0.973784   0.726693
      0.41   0.564602   0.979784   0.716386
      0.42   0.541725   0.985146   0.699049
      0.43   0.520217   0.986915   0.681308
      0.44   0.494916   0.986595   0.659167
      0.45   0.477827     0.9866   0.643834
      0.46   0.453895   0.986881   0.621804
      0.47   0.443923   0.988228   0.612641
      0.48   0.421907   0.990066   0.591677
      0.49   0.408924   0.991034   0.578957
       0.5    0.38636   0.991111   0.555984
      0.51   0.372126     0.9914   0.541135
      0.52   0.355975   0.990976   0.523795
      0.53   0.340529   0.991197   0.506908
      0.54   0.327076   0.992647    0.49203
      0.55   0.305921   0.992103   0.467641
      0.56   0.299429   0.992791   0.460093
      0.57   0.286642   0.992179   0.444785
      0.58   0.275849   0.991696   0.431634
      0.59   0.250587   0.992095   0.400112
       0.6   0.235687   0.991573    0.38085
      0.61   0.215392   0.990712   0.353852
      0.62   0.193649   0.996491   0.324281
      0.63   0.181488   0.996234    0.30704
      0.64   0.165376   0.995798   0.283646
      0.65   0.156265          1   0.270292
      0.66   0.140662          1   0.246632
      0.67   0.136712          1   0.240539
      0.68   0.121422          1    0.21655
      0.69   0.113053          1   0.203141
       0.7  0.0990145          1   0.180188
      0.71  0.0880651          1   0.161875
      0.72  0.0820038          1   0.151578
      0.73  0.0737525          1   0.137373
      0.74   0.069099          1   0.129266
      0.75  0.0613171          1   0.115549
      0.76  0.0586188          1   0.110746
      0.77  0.0538089          1   0.102123
      0.78  0.0510715          1  0.0971798
      0.79  0.0468481          1  0.0895032
       0.8  0.0402002          1  0.0772932
      0.81  0.0349601          1  0.0675584
      0.82  0.0280385          1  0.0545475
      0.83  0.0186923          1  0.0366987
      0.84  0.0138824          1  0.0273846
      0.85  0.0117707          1  0.0232675
      0.86 0.00676521          1  0.0134395
      0.87 0.00653058          1  0.0129764
      0.88 0.00578758          1  0.0115086
      0.89  0.0051619          1  0.0102708
       0.9 0.00488816          1 0.00972876
      0.91 0.00238542          1 0.00475949
      0.92 0.00207258          1 0.00413659
      0.93          0          0          0
      0.94          0          0          0
      0.95          0          0          0
      0.96          0          0          0
      0.97          0          0          0
      0.98          0          0          0
      0.99          0          0          0
