         0          1   0.168956   0.289072
      0.01   0.949951   0.266658   0.416423
      0.02   0.949951   0.267254   0.417149
      0.03   0.949951   0.268614   0.418804
      0.04   0.949705   0.274184   0.425519
      0.05   0.948966   0.280424   0.432918
      0.06   0.947571    0.29027   0.444405
      0.07   0.947079    0.29822   0.453607
      0.08   0.936413   0.309712   0.465472
      0.09   0.930834   0.317483   0.473476
       0.1   0.922383   0.325922   0.481653
      0.11   0.914506   0.334264    0.48958
      0.12    0.91065   0.341086   0.496287
      0.13   0.899245   0.352743   0.506718
      0.14   0.892763   0.359966   0.513063
      0.15     0.8734   0.368552   0.518366
      0.16   0.852314   0.374192   0.520061
      0.17   0.834509   0.380749   0.522915
      0.18   0.822284   0.384271   0.523772
      0.19   0.796849   0.387935   0.521827
       0.2   0.781506   0.392314    0.52239
      0.21   0.745569   0.398091   0.519043
      0.22   0.724729   0.403316   0.518233
      0.23   0.714227   0.409024   0.520162
      0.24   0.701428   0.415659   0.521991
      0.25   0.689367   0.419259   0.521408
      0.26   0.678208   0.428676   0.525315
      0.27   0.669101   0.434453   0.526831
      0.28    0.65786   0.447141   0.532409
      0.29    0.64465   0.450783   0.530562
       0.3   0.622333   0.456958   0.526976
      0.31   0.608139   0.462255   0.525256
      0.32    0.59936   0.467784    0.52546
      0.33   0.587053   0.474847   0.525022
      0.34    0.57811   0.482345   0.525903
      0.35   0.563013    0.49041   0.524209
      0.36   0.553003   0.492963    0.52126
      0.37   0.537496   0.497736   0.516852
      0.38   0.525845   0.501079   0.513163
      0.39   0.513702   0.508684   0.511181
       0.4   0.502461   0.513862   0.508098
      0.41   0.488267   0.522959   0.505018
      0.42   0.472186   0.526688    0.49795
      0.43   0.459797   0.530415   0.492588
      0.44   0.442402   0.536496   0.484927
      0.45   0.432721   0.540127   0.480495
      0.46   0.408927   0.546213   0.467703
      0.47   0.399573   0.551774   0.463499
      0.48   0.388579   0.566667   0.461022
      0.49   0.385215   0.575147   0.461399
       0.5   0.364621   0.591368   0.451104
      0.51   0.349442   0.607467   0.443667
      0.52   0.341155   0.623644   0.441044
      0.53   0.324089   0.646707   0.431791
      0.54   0.317279   0.662835   0.429141
      0.55   0.306777   0.682652   0.423319
      0.56   0.301936   0.690265   0.420109
      0.57   0.289301   0.705696    0.41037
      0.58    0.28684   0.708197   0.408304
      0.59   0.276501   0.718919   0.399393
       0.6   0.272809   0.725379   0.396499
      0.61   0.264112    0.73306   0.388318
      0.62   0.250903   0.746637    0.37559
      0.63   0.242452   0.741546   0.365426
      0.64   0.223581   0.759777   0.345493
      0.65   0.211766   0.780186   0.333114
      0.66   0.188054   0.808664   0.305146
      0.67   0.173367   0.821577   0.286317
      0.68   0.155973   0.829384   0.262568
      0.69   0.138661   0.826316   0.237473
       0.7    0.12742   0.847561   0.221536
      0.71   0.103955   0.867188   0.185654
      0.72  0.0879554   0.883495   0.159984
      0.73  0.0654742     0.9125   0.122182
      0.74  0.0521825   0.913043  0.0987227
      0.75  0.0447982   0.904762  0.0853694
      0.76  0.0358549        0.9  0.0689625
      0.77  0.0352806   0.912281   0.067934
      0.78  0.0314244        0.9  0.0607283
      0.79  0.0302757   0.909091  0.0585998
       0.8  0.0292911        0.9  0.0567357
      0.81  0.0264194   0.866667  0.0512758
      0.82  0.0212504   0.869565   0.041487
      0.83  0.0199376       0.85  0.0389614
      0.84   0.010256   0.833333  0.0202626
      0.85 0.00853298       0.75   0.016874
      0.86 0.00369216          1 0.00735715
      0.87 0.00287168          1 0.00572691
      0.88          0          0          0
      0.89          0          0          0
       0.9          0          0          0
      0.91          0          0          0
      0.92          0          0          0
      0.93          0          0          0
      0.94          0          0          0
      0.95          0          0          0
      0.96          0          0          0
      0.97          0          0          0
      0.98          0          0          0
      0.99          0          0          0
