         0          1   0.337394   0.504555
      0.01   0.905224   0.384418   0.539661
      0.02   0.905224   0.385252   0.540481
      0.03   0.905224   0.386695     0.5419
      0.04   0.904583   0.389451   0.544485
      0.05   0.904326   0.392352   0.547267
      0.06   0.899106   0.399508   0.553205
      0.07   0.897266   0.406009    0.55905
      0.08   0.890634   0.417849   0.568828
      0.09   0.883445   0.426101   0.574912
       0.1   0.865175   0.444328   0.587126
      0.11   0.840315   0.466212   0.599704
      0.12   0.816311   0.480145   0.604645
      0.13   0.778315   0.504275   0.612019
      0.14   0.750931   0.524652   0.617721
      0.15   0.707158   0.551199   0.619514
      0.16   0.679004   0.566636   0.617752
      0.17   0.637799   0.590668   0.613329
      0.18    0.61157   0.607316   0.609435
      0.19   0.574515   0.634152   0.602862
       0.2   0.552907    0.65359   0.599048
      0.21   0.520645   0.674221   0.587564
      0.22   0.490736   0.705311   0.578776
      0.23   0.474135   0.728909   0.574544
      0.24   0.448676   0.747511   0.560765
      0.25   0.430662   0.761097    0.55007
      0.26    0.40285   0.774963   0.530124
      0.27   0.389158   0.792512   0.521994
      0.28   0.373369   0.807277   0.510588
      0.29   0.362843   0.821967   0.503448
       0.3   0.346755   0.830709   0.489276
      0.31   0.331608   0.838893   0.475324
      0.32   0.318472   0.841909   0.462131
      0.33   0.299516   0.851029   0.443089
      0.34   0.293312   0.859143   0.437322
      0.35   0.277737   0.862524   0.420176
      0.36   0.268752   0.866401   0.410248
      0.37   0.251465   0.882155   0.391368
      0.38   0.242394   0.885817   0.380633
      0.39   0.221471   0.895442   0.355112
       0.4   0.209533   0.899713   0.339906
      0.41   0.194172   0.909516   0.320023
      0.42   0.182662   0.921739   0.304902
      0.43   0.175902   0.929389   0.295816
      0.44   0.154807   0.932314   0.265525
      0.45   0.147704   0.937947   0.255218
      0.46   0.126011   0.948087   0.222455
      0.47   0.116769   0.947368   0.207911
      0.48   0.106328   0.949153   0.191234
      0.49  0.0968294   0.947955   0.175711
       0.5  0.0880151   0.948718   0.161086
      0.51  0.0755637   0.952153   0.140016
      0.52  0.0710282      0.955   0.132222
      0.53  0.0659364   0.961749   0.123412
      0.54  0.0647811   0.971429   0.121462
      0.55  0.0619571   0.988024   0.116602
      0.56  0.0602456   0.993789   0.113604
      0.57  0.0557956          1   0.105694
      0.58  0.0542981          1   0.103003
      0.59   0.051089          1  0.0972115
       0.6  0.0500193          1   0.095273
      0.61  0.0476231          1  0.0909165
      0.62  0.0443284          1  0.0848937
      0.63  0.0434299          1  0.0832445
      0.64  0.0406059          1  0.0780428
      0.65  0.0366694          1  0.0707446
      0.66  0.0353429          1  0.0682729
      0.67  0.0341449          1   0.066035
      0.68  0.0293098          1  0.0569504
      0.69  0.0287536          1  0.0558998
       0.7   0.023619          1  0.0461481
      0.71  0.0233623          1  0.0456579
      0.72  0.0231911          1   0.045331
      0.73  0.0227633          1  0.0445132
      0.74  0.0223782          1  0.0437767
      0.75  0.0208806          1   0.040907
      0.76  0.0174147          1  0.0342333
      0.77  0.0170724          1  0.0335717
      0.78   0.016559          1  0.0325785
      0.79  0.0161311          1    0.03175
       0.8  0.0157888          1  0.0310868
      0.81  0.0151042          1  0.0297589
      0.82  0.0142484          1  0.0280965
      0.83  0.0130504          1  0.0257645
      0.84  0.0106542          1  0.0210838
      0.85 0.00877155          1  0.0173906
      0.86 0.00350862          1 0.00699271
      0.87 0.00273844          1 0.00546192
      0.88          0          0          0
      0.89          0          0          0
       0.9          0          0          0
      0.91          0          0          0
      0.92          0          0          0
      0.93          0          0          0
      0.94          0          0          0
      0.95          0          0          0
      0.96          0          0          0
      0.97          0          0          0
      0.98          0          0          0
      0.99          0          0          0
