         0          1   0.223995   0.366006
      0.01   0.951248   0.270877   0.421677
      0.02   0.951248   0.271165   0.422026
      0.03   0.951248   0.271508   0.422442
      0.04   0.951248   0.273083   0.424346
      0.05   0.951248   0.274817   0.426436
      0.06   0.951248   0.278686   0.431079
      0.07   0.951248   0.282107    0.43516
      0.08   0.949829     0.2893   0.443514
      0.09   0.947056   0.294527   0.449319
       0.1   0.943703   0.305781   0.461897
      0.11   0.938995   0.317915   0.475007
      0.12    0.93087   0.326275   0.483189
      0.13   0.927259   0.341202   0.498845
      0.14   0.920423   0.350453   0.507626
      0.15   0.910879   0.367805   0.524016
      0.16   0.901141   0.379855   0.534433
      0.17   0.881924   0.400239   0.550602
      0.18   0.866189   0.413062   0.559374
      0.19   0.844199   0.432751   0.572189
       0.2   0.828916   0.446781   0.580614
      0.21   0.803702   0.468901   0.592261
      0.22   0.774553   0.489622   0.599978
      0.23   0.752692   0.500529   0.601241
      0.24   0.726575   0.518923   0.605439
      0.25   0.713871   0.537111   0.613003
      0.26   0.693622   0.551732   0.614594
      0.27   0.683562   0.570683   0.622043
      0.28    0.64745   0.587393   0.615961
      0.29   0.624105    0.59812   0.610836
       0.3   0.597021   0.613174    0.60499
      0.31   0.574515   0.631356   0.601596
      0.32   0.556007   0.637178   0.593832
      0.33   0.534404   0.647681   0.585615
      0.34   0.517573   0.654716   0.578122
      0.35   0.501709   0.668209   0.573111
      0.36    0.48894   0.682335   0.569672
      0.37   0.469852   0.691239    0.55944
      0.38   0.460373   0.697517    0.55466
      0.39   0.442381   0.710591    0.54529
       0.4   0.425808   0.716163   0.534073
      0.41   0.406849   0.722539   0.520572
      0.42   0.390211   0.731554   0.508949
      0.43   0.366867   0.732993   0.488991
      0.44   0.341072   0.738344   0.466601
      0.45   0.325079   0.740741   0.451857
      0.46   0.304637   0.748552    0.43304
      0.47   0.282002   0.768734   0.412633
      0.48   0.267557   0.787297   0.399385
      0.49   0.249178   0.805648   0.380631
       0.5   0.221964    0.82874   0.350147
      0.51   0.205649   0.844037   0.330719
      0.52   0.193461     0.8525   0.315357
      0.53   0.160831   0.857567   0.270863
      0.54   0.143419   0.863014   0.245963
      0.55   0.119043   0.880952   0.209743
      0.56   0.111047   0.885106   0.197335
      0.57   0.101116   0.886256   0.181521
      0.58  0.0918295   0.896373   0.166592
      0.59  0.0827368   0.899408   0.151534
       0.6  0.0726769   0.921053   0.134723
      0.61  0.0664216   0.955224   0.124207
      0.62  0.0630038       0.95   0.118171
      0.63  0.0591346   0.945946   0.111311
      0.64  0.0501709   0.977528  0.0954432
      0.65  0.0432708      0.975   0.082864
      0.66  0.0385632   0.969697  0.0741766
      0.67  0.0363707   0.967742  0.0701065
      0.68   0.032308   0.979592  0.0625529
      0.69  0.0317921   0.977778  0.0615819
       0.7  0.0231508   0.970588   0.045223
      0.71  0.0204424   0.964286   0.040036
      0.72  0.0177339   0.958333  0.0348234
      0.73  0.0122525   0.923077  0.0241841
      0.74 0.00780293        0.9  0.0154717
      0.75 0.00451409   0.857143 0.00898088
      0.76 0.00393371          1 0.00783659
      0.77 6.4487e-05          1 0.000128966
      0.78 6.4487e-05          1 0.000128966
      0.79          0          0          0
       0.8          0          0          0
      0.81          0          0          0
      0.82          0          0          0
      0.83          0          0          0
      0.84          0          0          0
      0.85          0          0          0
      0.86          0          0          0
      0.87          0          0          0
      0.88          0          0          0
      0.89          0          0          0
       0.9          0          0          0
      0.91          0          0          0
      0.92          0          0          0
      0.93          0          0          0
      0.94          0          0          0
      0.95          0          0          0
      0.96          0          0          0
      0.97          0          0          0
      0.98          0          0          0
      0.99          0          0          0
