         0          1   0.193017   0.323578
      0.01   0.928645   0.257753   0.403509
      0.02   0.928645   0.260557   0.406936
      0.03   0.928645   0.266095    0.41366
      0.04    0.92816   0.280082   0.430312
      0.05   0.926218    0.29372   0.446004
      0.06   0.917238   0.320398   0.474907
      0.07   0.910321   0.338352   0.493338
      0.08   0.895819   0.367294   0.520981
      0.09   0.882956   0.386674    0.53782
       0.1   0.856501    0.41628    0.56026
      0.11   0.827013   0.447039   0.580364
      0.12   0.801286    0.47692   0.597946
      0.13   0.778047   0.534994   0.634025
      0.14    0.76306   0.568473   0.651548
      0.15   0.747649   0.612458   0.673334
      0.16   0.732723   0.633978   0.679783
      0.17   0.706146   0.662851   0.683814
      0.18   0.687398    0.68275   0.685066
      0.19    0.65803   0.711504   0.683723
       0.2   0.641648   0.736791   0.685936
      0.21   0.626054   0.765867   0.688939
      0.22   0.605788   0.797528   0.688559
      0.23   0.592076   0.823232   0.688777
      0.24   0.574298    0.85041   0.685598
      0.25   0.566895   0.866283   0.685318
      0.26   0.555427   0.901021   0.687222
      0.27   0.542807   0.913151   0.680878
      0.28   0.525878   0.931346   0.672202
      0.29   0.505248   0.942474   0.657838
       0.3   0.485286   0.959333   0.644531
      0.31   0.456465   0.973982   0.621608
      0.32   0.445665   0.979045   0.612512
      0.33   0.440568   0.988998   0.609585
      0.34   0.434561    0.98855   0.603727
      0.35    0.40841   0.994536   0.579036
      0.36   0.395668   0.995769   0.566312
      0.37   0.385596   0.998536    0.55635
      0.38   0.376615   0.998492   0.546935
      0.39   0.355864   0.998435    0.52471
       0.4   0.348644   0.998405   0.516815
      0.41   0.337176   0.998363   0.504102
      0.42   0.326679   0.998308   0.492271
      0.43   0.311571   0.998264   0.474915
      0.44   0.296159   0.998205   0.456792
      0.45   0.287058   0.998165   0.445885
      0.46   0.274377   0.998095   0.430428
      0.47   0.272192   0.998058   0.427732
      0.48   0.257933   0.997984   0.409921
      0.49   0.251987   0.997925   0.402371
       0.5   0.242279   0.997859   0.389893
      0.51   0.238274   0.997802   0.384686
      0.52   0.235059          1   0.380644
      0.53   0.222377          1   0.363844
      0.54   0.215764          1   0.354943
      0.55   0.213155          1   0.351405
      0.56   0.205873          1   0.341451
      0.57   0.201747          1   0.335757
      0.58   0.198228          1   0.330869
      0.59   0.189006          1   0.317922
       0.6   0.182999          1   0.309381
      0.61   0.176749          1   0.300402
      0.62    0.17232          1   0.293981
      0.63   0.165281          1   0.283676
      0.64   0.153389          1   0.265979
      0.65   0.144833          1   0.253021
      0.66    0.14004          1   0.245676
      0.67   0.133851          1     0.2361
      0.68   0.128148          1   0.227182
      0.69   0.125478          1   0.222977
       0.7   0.115952          1   0.207808
      0.71    0.10236          1   0.185711
      0.72   0.093805          1    0.17152
      0.73  0.0839755          1    0.15494
      0.74  0.0813057          1   0.150384
      0.75  0.0766337          1   0.142358
      0.76  0.0689885          1   0.129073
      0.77  0.0564286          1   0.106829
      0.78  0.0560039          1   0.106068
      0.79  0.0545477          1   0.103452
       0.8  0.0523027          1  0.0994061
      0.81   0.037255          1  0.0718339
      0.82  0.0311268          1  0.0603742
      0.83   0.019841          1    0.03891
      0.84 0.00370123          1 0.00737517
      0.85          0          0          0
      0.86          0          0          0
      0.87          0          0          0
      0.88          0          0          0
      0.89          0          0          0
       0.9          0          0          0
      0.91          0          0          0
      0.92          0          0          0
      0.93          0          0          0
      0.94          0          0          0
      0.95          0          0          0
      0.96          0          0          0
      0.97          0          0          0
      0.98          0          0          0
      0.99          0          0          0
