         0          1   0.150167   0.261123
      0.01    0.86735   0.162351   0.273507
      0.02    0.86735   0.162523   0.273751
      0.03    0.86735   0.163125   0.274604
      0.04   0.866401   0.163943   0.275714
      0.05   0.864978   0.164763     0.2768
      0.06   0.860993   0.166469   0.278996
      0.07   0.858715   0.167446   0.280245
      0.08   0.851314   0.169654   0.282925
      0.09    0.84638   0.170944   0.284439
       0.1   0.829206   0.173224   0.286581
      0.11   0.813739   0.175753   0.289072
      0.12    0.79704   0.178414   0.291563
      0.13   0.778347   0.181716   0.294643
      0.14   0.756144   0.183599   0.295458
      0.15   0.731474   0.186726   0.297507
      0.16   0.708416   0.187494   0.296511
      0.17   0.666287   0.188115   0.293395
      0.18   0.645602    0.18786   0.291034
      0.19   0.596262   0.185844   0.283367
       0.2   0.572445   0.185502   0.280203
      0.21   0.518171   0.179947   0.267127
      0.22   0.485245   0.183853   0.266669
      0.23   0.474239   0.183295   0.264399
      0.24   0.438846   0.184813   0.260092
      0.25   0.424044   0.186562   0.259121
      0.26   0.404308   0.185388   0.254212
      0.27   0.389126   0.184646    0.25045
      0.28   0.368536   0.184635   0.246017
      0.29   0.358573   0.185497   0.244506
       0.3   0.341873   0.186549   0.241383
      0.31   0.324319   0.188379   0.238327
      0.32   0.314736    0.18757   0.235056
      0.33   0.301547   0.188522   0.232001
      0.34   0.296897   0.189401   0.231268
      0.35   0.285985   0.190894   0.228959
      0.36   0.272607   0.189922   0.223874
      0.37   0.257804    0.18985   0.218669
      0.38   0.247746    0.18498   0.211811
      0.39   0.230667   0.181742   0.203302
       0.4   0.223266   0.180113   0.199381
      0.41    0.20296    0.17658   0.188853
      0.42   0.193567   0.175857   0.184287
      0.43   0.181801   0.172967   0.177274
      0.44   0.173261   0.171789   0.172522
      0.45   0.167094    0.17076   0.168907
      0.46   0.162349   0.174939   0.168409
      0.47   0.159408   0.175803   0.167205
      0.48   0.152007   0.174263   0.162376
      0.49   0.142613   0.173519   0.156555
       0.5   0.135686    0.17673   0.153512
      0.51   0.131322   0.177266   0.150873
      0.52    0.12895   0.181282   0.150702
      0.53   0.119935   0.175774   0.142583
      0.54   0.118322   0.175189   0.141247
      0.55   0.111301   0.174047   0.135775
      0.56   0.108454   0.173436   0.133455
      0.57   0.105323   0.173256   0.131007
      0.58   0.103236   0.174334   0.129679
      0.59   0.100579   0.175553   0.127887
       0.6  0.0990606    0.17623   0.126829
      0.61   0.088813   0.188073   0.120651
      0.62    0.07885    0.18802   0.111106
      0.63  0.0773318   0.194004   0.110584
      0.64  0.0764778   0.205534   0.111476
      0.65  0.0734415   0.209302   0.108731
      0.66  0.0711642   0.221154   0.107679
      0.67  0.0646171   0.235925   0.101449
      0.68  0.0570263   0.255521  0.0932429
      0.69  0.0570263   0.277193  0.0945923
       0.7  0.0553183   0.315126  0.0941153
      0.71  0.0483917   0.343434  0.0848303
      0.72  0.0470633   0.377907  0.0837025
      0.73   0.038144    0.42029  0.0699405
      0.74  0.0374798   0.452381  0.0692244
      0.75   0.032356        0.5  0.0607789
      0.76  0.0313123   0.541667  0.0592022
      0.77   0.029889        0.6  0.0569414
      0.78   0.028181   0.632353  0.0539575
      0.79  0.0240061   0.698113   0.046416
       0.8  0.0235316       0.75  0.0456316
      0.81  0.0233419   0.857143  0.0454461
      0.82  0.0225828        0.9    0.04406
      0.83  0.0213493   0.925926  0.0417362
      0.84  0.0129045          1  0.0254801
      0.85  0.0120505          1   0.023814
      0.86  0.0114812          1  0.0227017
      0.87  0.0103425          1  0.0204733
      0.88 0.00825505          1  0.0163749
      0.89 0.00778062          1  0.0154411
       0.9 0.00569314          1  0.0113218
      0.91          0          0          0
      0.92          0          0          0
      0.93          0          0          0
      0.94          0          0          0
      0.95          0          0          0
      0.96          0          0          0
      0.97          0          0          0
      0.98          0          0          0
      0.99          0          0          0
