         0          1   0.230724    0.37494
      0.01   0.822559   0.203233   0.325935
      0.02   0.822559   0.203265   0.325977
      0.03   0.821713   0.203511   0.326226
      0.04   0.820105   0.203895   0.326592
      0.05   0.819005   0.204847   0.327724
      0.06    0.81452   0.206726   0.329758
      0.07   0.808936   0.208606   0.331679
      0.08   0.795481    0.21196   0.334729
      0.09   0.781689   0.214166   0.336216
       0.1   0.755035   0.217621   0.337861
      0.11   0.727534   0.222526    0.34081
      0.12   0.710272     0.2274   0.344504
      0.13    0.68328   0.233739   0.348322
      0.14   0.652987   0.238803   0.349713
      0.15   0.630733    0.24594   0.353889
      0.16   0.601286   0.249854   0.353018
      0.17   0.586647   0.257077   0.357495
      0.18    0.57294   0.259314   0.357033
      0.19   0.544593   0.262878   0.354592
       0.2   0.524877   0.264414    0.35167
      0.21   0.494246   0.266256   0.346077
      0.22    0.45253   0.266702    0.33561
      0.23    0.44483   0.270095   0.336109
      0.24   0.424437   0.272616   0.331993
      0.25   0.404299   0.274136   0.326731
      0.26   0.395414   0.276192   0.325221
      0.27   0.375698   0.279144   0.320303
      0.28   0.355898   0.280368    0.31365
      0.29   0.342951   0.281494   0.309199
       0.3   0.325267   0.280877   0.301447
      0.31   0.299543   0.283869   0.291496
      0.32   0.288966   0.284155    0.28654
      0.33   0.273312   0.286067   0.279544
      0.34   0.264173   0.287528   0.275357
      0.35   0.245135   0.291259   0.266213
      0.36   0.233627   0.291296   0.259293
      0.37   0.214249   0.291827   0.247092
      0.38   0.201303   0.292125   0.238355
      0.39   0.184211   0.298424   0.227803
       0.4   0.180995    0.30157   0.226219
      0.41   0.174395   0.307233   0.222495
      0.42   0.162633   0.315369   0.214599
      0.43   0.160433   0.321127   0.213969
      0.44   0.154172   0.329183   0.209994
      0.45   0.148333   0.339138   0.206393
      0.46   0.141648   0.341575   0.200253
      0.47   0.133356   0.346574   0.192602
      0.48   0.130225    0.35872   0.191082
      0.49   0.124133   0.364508   0.185197
       0.5   0.117025     0.3687   0.177661
      0.51   0.113133    0.38209   0.174575
      0.52  0.0984938   0.389525   0.157231
      0.53  0.0957015   0.401109   0.154533
      0.54  0.0907937   0.415984   0.149054
      0.55  0.0871552   0.438967   0.145435
      0.56  0.0797089   0.430412   0.134508
      0.57  0.0701472   0.434524   0.120794
      0.58  0.0649856   0.430976   0.112941
      0.59  0.0615163   0.445313     0.1081
       0.6  0.0499238   0.465217  0.0901712
      0.61  0.0380775    0.46875  0.0704336
      0.62  0.0360467   0.516129  0.0673871
      0.63  0.0312236   0.534351  0.0589996
      0.64  0.0221696   0.613861  0.0427937
      0.65  0.0219157   0.701149  0.0425029
      0.66  0.0206465       0.76  0.0402008
      0.67  0.0197157   0.782609  0.0384624
      0.68  0.0160772   0.857143  0.0315623
      0.69  0.0160772    0.87037  0.0315712
       0.7  0.0154002   0.956522  0.0303124
      0.71  0.0154002    0.97561  0.0303218
      0.72   0.013031   0.971429   0.025717
      0.73  0.0126079          1  0.0249018
      0.74  0.0125233          1  0.0247368
      0.75  0.0117617          1    0.02325
      0.76  0.0115925          1  0.0229193
      0.77  0.0114233          1  0.0225885
      0.78  0.0113386          1   0.022423
      0.79  0.0107463          1  0.0212641
       0.8 0.00973092          1  0.0192743
      0.81 0.00905399          1  0.0179455
      0.82 0.00786935          1  0.0156158
      0.83 0.00499238          1 0.00993517
      0.84 0.00490777          1  0.0097676
      0.85 0.00330005          1 0.00657839
      0.86          0          0          0
      0.87          0          0          0
      0.88          0          0          0
      0.89          0          0          0
       0.9          0          0          0
      0.91          0          0          0
      0.92          0          0          0
      0.93          0          0          0
      0.94          0          0          0
      0.95          0          0          0
      0.96          0          0          0
      0.97          0          0          0
      0.98          0          0          0
      0.99          0          0          0
