         0          1   0.282356    0.44037
      0.01   0.895439   0.345512   0.498626
      0.02   0.895439    0.34608   0.499217
      0.03   0.895439   0.346685   0.499846
      0.04   0.895439   0.348557   0.501789
      0.05   0.895439   0.350179   0.503467
      0.06   0.894764   0.353498    0.50678
      0.07   0.891836   0.356312   0.509189
      0.08    0.88902    0.36148   0.513975
      0.09   0.885473   0.365832   0.517754
       0.1   0.878829   0.373026   0.523744
      0.11   0.868919   0.381947   0.530642
      0.12   0.860417   0.386492    0.53339
      0.13    0.84223   0.395352   0.538109
      0.14   0.827421   0.399097    0.53847
      0.15   0.807264   0.405836   0.540131
      0.16   0.789752   0.409421   0.539273
      0.17   0.767455   0.413122   0.537115
      0.18   0.748198   0.415285   0.534112
      0.19   0.726802   0.419838   0.532231
       0.2    0.70518   0.420727   0.527021
      0.21   0.676126   0.423873   0.521076
      0.22   0.657545    0.42794    0.51846
      0.23   0.642455   0.428814   0.514332
      0.24   0.622523   0.428049   0.507286
      0.25   0.606363   0.429495   0.502829
      0.26   0.579167   0.429335   0.493121
      0.27   0.557376   0.427653   0.483973
      0.28   0.525732   0.433811   0.475369
      0.29   0.508108   0.433585   0.467898
       0.3   0.484685   0.432932   0.457349
      0.31   0.459122   0.436136   0.447334
      0.32   0.445214   0.441367   0.443282
      0.33   0.416667   0.447535    0.43155
      0.34   0.400732   0.454024   0.425717
      0.35   0.384516       0.46   0.418884
      0.36   0.371509   0.466849   0.413758
      0.37   0.349606   0.472923    0.40202
      0.38   0.337331   0.481906   0.396862
      0.39   0.317624   0.496258   0.387337
       0.4   0.307883   0.499375   0.380917
      0.41   0.293806   0.507517   0.372164
      0.42   0.280518   0.512543   0.362589
      0.43   0.272241   0.516667   0.356589
      0.44   0.264865   0.522179   0.351459
      0.45   0.251239   0.522361    0.33929
      0.46   0.243468    0.53186   0.334029
      0.47   0.234628   0.533012   0.325829
      0.48   0.217962   0.532781   0.309363
      0.49   0.213288   0.540048   0.305802
       0.5   0.202083   0.540913    0.29424
      0.51   0.190822   0.533645    0.28112
      0.52   0.179279   0.533333   0.268352
      0.53   0.171453   0.530159    0.25911
      0.54   0.165766   0.532669   0.252846
      0.55   0.159797   0.536058   0.246202
      0.56   0.155462    0.53875   0.241295
      0.57   0.150169   0.551351   0.236047
      0.58   0.147635   0.567143   0.234283
      0.59   0.137669   0.575851   0.222213
       0.6   0.133277   0.582508   0.216923
      0.61   0.124662   0.588968   0.205771
      0.62   0.115878   0.601594   0.194326
      0.63    0.11205   0.627155    0.19013
      0.64   0.105968   0.662679   0.182719
      0.65   0.102928   0.697613   0.179388
      0.66  0.0994369   0.714286   0.174571
      0.67   0.095777   0.752381   0.169923
      0.68  0.0883446   0.782609   0.158767
      0.69   0.086768   0.803089   0.156615
       0.7  0.0790541   0.828326   0.144333
      0.71  0.0753941   0.858491   0.138615
      0.72  0.0748874   0.880597   0.138036
      0.73  0.0726914   0.886486   0.134365
      0.74   0.069482   0.894737    0.12895
      0.75  0.0654279   0.927152    0.12223
      0.76   0.059741   0.943262   0.112365
      0.77  0.0512387    0.95935  0.0972817
      0.78  0.0488176   0.966387  0.0929402
      0.79  0.0441441   0.980952  0.0844863
       0.8  0.0429617   0.989691  0.0823487
      0.81  0.0389077          1  0.0749011
      0.82  0.0298423          1  0.0579552
      0.83  0.0291667          1  0.0566802
      0.84  0.0262387          1  0.0511357
      0.85  0.0254505          1  0.0496376
      0.86  0.0227477          1  0.0444836
      0.87  0.0164977          1    0.03246
      0.88 0.00912162          1  0.0180783
      0.89          0          0          0
       0.9          0          0          0
      0.91          0          0          0
      0.92          0          0          0
      0.93          0          0          0
      0.94          0          0          0
      0.95          0          0          0
      0.96          0          0          0
      0.97          0          0          0
      0.98          0          0          0
      0.99          0          0          0
