         0          1   0.253826   0.404882
      0.01   0.934668   0.327974   0.485564
      0.02   0.934668   0.328282   0.485902
      0.03   0.934012   0.329453   0.487094
      0.04   0.932699   0.333506   0.491327
      0.05   0.929963   0.336728   0.494429
      0.06   0.924929    0.34316   0.500594
      0.07   0.918582   0.348787   0.505597
      0.08   0.908952   0.357161   0.512817
      0.09   0.896148   0.362776   0.516475
       0.1   0.873878   0.372909   0.522747
      0.11   0.847012   0.385318   0.529678
      0.12   0.825728   0.391496   0.531158
      0.13   0.775279   0.400918   0.528522
      0.14   0.757113   0.411322   0.533051
      0.15   0.709783   0.420244    0.52792
      0.16   0.683574   0.426032   0.524915
      0.17   0.642865   0.435889   0.519522
      0.18   0.611403    0.43998   0.511716
      0.19   0.587163   0.458111   0.514671
       0.2   0.568615   0.472818    0.51631
      0.21   0.527468   0.492635   0.509456
      0.22   0.503885   0.509863   0.506856
      0.23   0.477402   0.518618   0.497157
      0.24    0.44698   0.542299   0.490047
      0.25   0.429251   0.558727   0.485505
      0.26    0.41322   0.585124   0.484372
      0.27   0.402003   0.602968   0.482392
      0.28   0.371307   0.633075   0.468079
      0.29   0.360254   0.648179   0.463113
       0.3   0.342471   0.671964   0.453707
      0.31   0.315824   0.692251   0.433756
      0.32   0.304662   0.698967   0.424357
      0.33   0.288083   0.713151   0.410387
      0.34   0.275607   0.715363   0.397912
      0.35   0.259302   0.724138   0.381864
      0.36   0.242394    0.72049   0.362749
      0.37   0.228989   0.731796   0.348825
      0.38   0.218538   0.729936   0.336369
      0.39    0.20951   0.741935   0.326751
       0.4   0.197965   0.740909   0.312446
      0.41   0.182042   0.739796   0.292186
      0.42   0.167925   0.736641   0.273503
      0.43   0.155669   0.743215    0.25742
      0.44   0.145163   0.743056   0.242878
      0.45   0.135642   0.742574   0.229384
      0.46   0.124699   0.747945    0.21376
      0.47   0.117531   0.753709   0.203352
      0.48  0.0971219    0.75089   0.171997
      0.49  0.0923069   0.750943   0.164405
       0.5  0.0815277   0.752174    0.14711
      0.51  0.0753447   0.764423   0.137169
      0.52  0.0692712   0.771739   0.127131
      0.53  0.0592033     0.7625   0.109876
      0.54  0.0556467   0.758621   0.103688
      0.55  0.0494091       0.75  0.0927105
      0.56  0.0437733   0.757009  0.0827609
      0.57  0.0350733   0.770115  0.0670911
      0.58  0.0337601   0.766234  0.0646709
      0.59  0.0279054   0.761905   0.053839
       0.6  0.0209017       0.78  0.0407125
      0.61  0.0201357   0.755556   0.039226
      0.62  0.0196432    0.74359  0.0382754
      0.63  0.0139527   0.733333  0.0273844
      0.64  0.0125848    0.73913  0.0247482
      0.65 0.00946597   0.761905  0.0186996
      0.66 0.00919238   0.933333  0.0182055
      0.67 0.00919238   0.933333  0.0182055
      0.68  0.0076056          1  0.0150964
      0.69  0.0076056          1  0.0150964
       0.7  0.0076056          1  0.0150964
      0.71 0.00629241          1  0.0125061
      0.72 0.00273583          1 0.00545673
      0.73 0.00273583          1 0.00545673
      0.74          0          0          0
      0.75          0          0          0
      0.76          0          0          0
      0.77          0          0          0
      0.78          0          0          0
      0.79          0          0          0
       0.8          0          0          0
      0.81          0          0          0
      0.82          0          0          0
      0.83          0          0          0
      0.84          0          0          0
      0.85          0          0          0
      0.86          0          0          0
      0.87          0          0          0
      0.88          0          0          0
      0.89          0          0          0
       0.9          0          0          0
      0.91          0          0          0
      0.92          0          0          0
      0.93          0          0          0
      0.94          0          0          0
      0.95          0          0          0
      0.96          0          0          0
      0.97          0          0          0
      0.98          0          0          0
      0.99          0          0          0
