         0          1   0.418411   0.589971
      0.01   0.973796   0.555362   0.707329
      0.02   0.973796   0.555271   0.707256
      0.03   0.973796   0.555157   0.707163
      0.04   0.973764   0.556513   0.708254
      0.05   0.973733   0.558275   0.709671
      0.06   0.973606   0.567296   0.716883
      0.07   0.973353   0.570979   0.719747
      0.08    0.97158   0.578389   0.725113
      0.09   0.970251   0.584254   0.729329
       0.1   0.968004   0.588505   0.731991
      0.11   0.964143   0.590054   0.732078
      0.12   0.961896   0.591308   0.732392
      0.13   0.957909   0.591601   0.731457
      0.14   0.950883   0.593138   0.730566
      0.15   0.943794   0.595349   0.730129
      0.16   0.939775   0.596022   0.729428
      0.17   0.924204   0.601668   0.728848
      0.18   0.916957    0.60828   0.731384
      0.19   0.903285   0.612025   0.729663
       0.2   0.891512   0.615871    0.72849
      0.21   0.874802   0.619393   0.725269
      0.22   0.852491   0.628257   0.723396
      0.23   0.837901   0.641232   0.726492
      0.24   0.817868   0.665826   0.734057
      0.25   0.799165   0.683732   0.736956
      0.26     0.7766   0.714027      0.744
      0.27   0.760111   0.735272   0.747485
      0.28   0.730901   0.773796   0.751737
      0.29   0.713684   0.798399   0.753669
       0.3    0.69343   0.835835   0.758002
      0.31   0.665327   0.855524   0.748532
      0.32   0.647668   0.864064   0.740378
      0.33   0.623394   0.875388   0.728207
      0.34    0.61121   0.879493    0.72121
      0.35   0.590955   0.886614   0.709204
      0.36   0.574593   0.890913   0.698615
      0.37   0.555731   0.896186   0.686043
      0.38   0.548421   0.898779    0.68119
      0.39   0.536711   0.902248   0.673051
       0.4   0.532091   0.906344   0.670531
      0.41   0.527122    0.91582   0.669117
      0.42    0.51921   0.927725   0.665799
      0.43    0.51709    0.93027   0.664704
      0.44   0.513197   0.935507   0.662798
      0.45     0.5075   0.938191   0.658692
      0.46   0.497753   0.942686   0.651503
      0.47   0.489208   0.944884   0.644652
      0.48   0.476644   0.948158   0.634381
      0.49   0.468004   0.951396   0.627388
       0.5   0.454364   0.955817   0.615934
      0.51   0.444997   0.960545    0.60822
      0.52   0.437243   0.963934   0.601599
      0.53   0.424077   0.969451   0.590045
      0.54   0.415723   0.973008   0.582548
      0.55   0.399519   0.974849   0.566763
      0.56   0.394139   0.977969   0.561844
      0.57   0.376733   0.982444   0.544622
      0.58   0.370878   0.984209   0.538742
      0.59   0.360466   0.986223   0.527961
       0.6   0.350465    0.98654   0.517198
      0.61   0.334736   0.987907   0.500042
      0.62   0.319292   0.988106    0.48263
      0.63    0.30888   0.988724    0.47071
      0.64   0.296285   0.989161   0.455987
      0.65   0.286126   0.989305   0.443874
      0.66   0.274511   0.990311   0.429865
      0.67   0.267106   0.989968   0.420701
      0.68    0.25375   0.990357    0.40399
      0.69   0.244003   0.989869   0.391501
       0.7   0.233432   0.990968   0.377857
      0.71   0.214729   0.993012   0.353103
      0.72   0.206247   0.994165   0.341622
      0.73   0.197069   0.996877   0.329083
      0.74   0.187195   0.996729   0.315194
      0.75   0.169125   0.997305   0.289205
      0.76   0.156117    0.99717   0.269969
      0.77   0.146655   0.996945   0.255696
      0.78   0.137034   0.996795   0.240944
      0.79   0.122982   0.996386   0.218941
       0.8   0.113457   0.995979   0.203708
      0.81   0.095101   0.996599   0.173633
      0.82  0.0747199   0.997797   0.139029
      0.83  0.0689917   0.997543   0.129058
      0.84  0.0541806          1   0.102792
      0.85  0.0460789          1  0.0880983
      0.86  0.0355402          1  0.0686409
      0.87  0.0321539          1  0.0623045
      0.88  0.0290208          1  0.0564047
      0.89   0.026584          1  0.0517911
       0.9  0.0249066          1  0.0486027
      0.91  0.0221849          1  0.0434069
      0.92  0.0164251          1  0.0323193
      0.93  0.0124058          1  0.0245077
      0.94 0.00857649          1  0.0170071
      0.95 0.00515855          1  0.0102642
      0.96 0.00284828          1 0.00568038
      0.97 0.00196215          1 0.00391661
      0.98 0.000474714          1 0.000948977
      0.99 0.000474714          1 0.000948977
