         0          1   0.223412   0.365227
      0.01   0.963836   0.300399    0.45804
      0.02   0.963836    0.30036   0.457995
      0.03   0.963836   0.300515   0.458176
      0.04   0.963836    0.30094   0.458669
      0.05   0.963836    0.30212   0.460038
      0.06   0.963554    0.30384   0.461997
      0.07   0.963203   0.305124   0.463439
      0.08   0.962218   0.307279   0.465805
      0.09   0.961373   0.308429   0.467026
       0.1   0.958278   0.310899   0.469481
      0.11   0.953704   0.313493   0.471876
      0.12   0.948287   0.315219   0.473157
      0.13   0.941392   0.317266   0.474587
      0.14   0.932667   0.317926   0.474205
      0.15   0.914445   0.318596   0.472553
      0.16   0.905579   0.319946   0.472836
      0.17   0.888553   0.321888   0.472579
      0.18   0.879969    0.32343   0.473007
      0.19   0.857525   0.324484   0.470814
       0.2   0.834166   0.323513   0.466215
      0.21   0.801731   0.322691   0.460168
      0.22   0.762963   0.319959   0.450849
      0.23   0.736227   0.317611   0.443775
      0.24   0.692746   0.315127   0.433195
      0.25   0.666854    0.31448   0.427403
      0.26     0.6169   0.313746   0.415947
      0.27   0.584113   0.313355   0.407891
      0.28   0.539365   0.312052   0.395365
      0.29   0.506438   0.311461    0.38571
       0.3   0.455217   0.310406   0.369117
      0.31    0.41258   0.306272   0.351565
      0.32   0.388799   0.302654    0.34036
      0.33   0.334553   0.299167   0.315872
      0.34   0.307746   0.294876   0.301174
      0.35   0.267502   0.285714   0.276308
      0.36   0.251741   0.287109   0.268265
      0.37   0.224302   0.285455    0.25121
      0.38   0.202139   0.285063   0.236544
      0.39    0.17681   0.285968   0.218515
       0.4   0.164075   0.281352   0.207274
      0.41   0.140153   0.274751    0.18562
      0.42   0.118272   0.281793   0.166614
      0.43    0.10617   0.282744   0.154374
      0.44  0.0956167   0.281955   0.142805
      0.45  0.0904805   0.279601   0.136718
      0.46  0.0731724   0.265378   0.114715
      0.47  0.0616337   0.248473   0.098768
      0.48  0.0488989     0.2175  0.0798465
      0.49  0.0405966   0.203966  0.0677154
       0.5  0.0274397   0.175439  0.0474568
      0.51    0.02357   0.168776  0.0413635
      0.52  0.0183635   0.169082  0.0331289
      0.53  0.0137902   0.168605  0.0254951
      0.54  0.0137902    0.18125  0.0256303
      0.55  0.0129459   0.209302  0.0243836
      0.56   0.012383   0.212389  0.0234017
      0.57  0.0116794    0.21978  0.0221802
      0.58  0.0113277   0.275362  0.0217602
      0.59  0.0105537       0.32  0.0204335
       0.6 0.00977978   0.302326  0.0189467
      0.61 0.00795047   0.307692  0.0155004
      0.62 0.000422149   0.153846 0.000841987
      0.63 7.03581e-05        0.1 0.000140617
      0.64          0          0          0
      0.65          0          0          0
      0.66          0          0          0
      0.67          0          0          0
      0.68          0          0          0
      0.69          0          0          0
       0.7          0          0          0
      0.71          0          0          0
      0.72          0          0          0
      0.73          0          0          0
      0.74          0          0          0
      0.75          0          0          0
      0.76          0          0          0
      0.77          0          0          0
      0.78          0          0          0
      0.79          0          0          0
       0.8          0          0          0
      0.81          0          0          0
      0.82          0          0          0
      0.83          0          0          0
      0.84          0          0          0
      0.85          0          0          0
      0.86          0          0          0
      0.87          0          0          0
      0.88          0          0          0
      0.89          0          0          0
       0.9          0          0          0
      0.91          0          0          0
      0.92          0          0          0
      0.93          0          0          0
      0.94          0          0          0
      0.95          0          0          0
      0.96          0          0          0
      0.97          0          0          0
      0.98          0          0          0
      0.99          0          0          0
