         0          1   0.176689   0.300316
      0.01   0.895784    0.16436   0.277756
      0.02   0.895784   0.164596   0.278093
      0.03   0.895784   0.165318   0.279123
      0.04   0.895701   0.167576   0.282331
      0.05   0.895373   0.170193    0.28602
      0.06   0.891674    0.17429   0.291586
      0.07   0.887318   0.177757    0.29618
      0.08   0.873757   0.183423   0.303198
      0.09   0.864552   0.188262   0.309195
       0.1   0.851566   0.197898   0.321161
      0.11   0.835374    0.20766   0.332633
      0.12   0.824936   0.215635     0.3419
      0.13   0.801594   0.227687   0.354641
      0.14   0.773568   0.237584   0.363521
      0.15   0.746938   0.254397   0.379531
      0.16   0.712419   0.264659   0.385943
      0.17   0.686776   0.281568   0.399392
      0.18   0.665489   0.292942    0.40681
      0.19   0.637462   0.308071   0.415392
       0.2   0.616997   0.315242   0.417283
      0.21   0.592011   0.332159   0.425553
      0.22   0.552642   0.349875   0.428481
      0.23   0.536204   0.358898    0.42999
      0.24   0.500863   0.374503   0.428563
      0.25   0.477521   0.388907   0.428683
      0.26   0.444234   0.407352   0.424994
      0.27   0.423523   0.422655   0.423089
      0.28   0.398208   0.443633   0.419695
      0.29    0.38588   0.462963   0.420921
       0.3   0.359908   0.490074   0.415024
      0.31   0.340511    0.51943   0.411358
      0.32   0.331964   0.546224   0.412956
      0.33   0.303362   0.592805   0.401341
      0.34    0.28791   0.617407   0.392697
      0.35   0.275581   0.644444   0.386069
      0.36   0.259883   0.657111   0.372461
      0.37   0.235226   0.668311   0.347975
      0.38   0.214515   0.680537   0.326205
      0.39   0.185831   0.692424   0.293021
       0.4   0.175639   0.703404    0.28109
      0.41   0.160434   0.727941   0.262922
      0.42   0.131174   0.741667   0.222922
      0.43   0.124599   0.742152   0.213375
      0.44   0.113915   0.755051   0.197963
      0.45   0.107504   0.767507   0.188592
      0.46  0.0937783   0.802589   0.167934
      0.47  0.0852305   0.839286   0.154746
      0.48  0.0773403   0.874477   0.142112
      0.49  0.0715871   0.884444   0.132453
       0.5  0.0649297   0.900498   0.121126
      0.51   0.061149   0.933333   0.114778
      0.52  0.0607381   0.945946   0.114147
      0.53  0.0482453   0.948718  0.0918211
      0.54  0.0459439   0.961165   0.087696
      0.55  0.0376428   0.950617   0.072418
      0.56  0.0368209   0.973333  0.0709575
      0.57  0.0337799          1  0.0653522
      0.58   0.031232          1  0.0605722
      0.59  0.0288485          1  0.0560792
       0.6  0.0270404          1  0.0526569
      0.61  0.0252322          1  0.0492224
      0.62  0.0239172          1   0.046717
      0.63  0.0179995          1  0.0353625
      0.64  0.0152051          1  0.0299547
      0.65  0.0110134          1  0.0217868
      0.66 0.00723268          1  0.0143615
      0.67          0          0          0
      0.68          0          0          0
      0.69          0          0          0
       0.7          0          0          0
      0.71          0          0          0
      0.72          0          0          0
      0.73          0          0          0
      0.74          0          0          0
      0.75          0          0          0
      0.76          0          0          0
      0.77          0          0          0
      0.78          0          0          0
      0.79          0          0          0
       0.8          0          0          0
      0.81          0          0          0
      0.82          0          0          0
      0.83          0          0          0
      0.84          0          0          0
      0.85          0          0          0
      0.86          0          0          0
      0.87          0          0          0
      0.88          0          0          0
      0.89          0          0          0
       0.9          0          0          0
      0.91          0          0          0
      0.92          0          0          0
      0.93          0          0          0
      0.94          0          0          0
      0.95          0          0          0
      0.96          0          0          0
      0.97          0          0          0
      0.98          0          0          0
      0.99          0          0          0
