         0          1   0.263807   0.417479
      0.01   0.966686   0.450484   0.614572
      0.02   0.966686   0.453087    0.61699
      0.03   0.966497   0.459281   0.622668
      0.04   0.966346   0.471025   0.633341
      0.05   0.965817   0.481724   0.642824
      0.06   0.964986   0.500969    0.65954
      0.07   0.964306   0.512381    0.66919
      0.08   0.961246   0.527778   0.681419
      0.09   0.959093   0.536477   0.688074
       0.1   0.954297   0.550757   0.698428
      0.11   0.938659    0.56154     0.7027
      0.12    0.92865   0.568192    0.70502
      0.13   0.907573   0.581486   0.708825
      0.14   0.892314   0.589744   0.710143
      0.15   0.876449   0.607419   0.717546
      0.16   0.861832    0.61981   0.721054
      0.17   0.834297   0.638782   0.723564
      0.18   0.820094   0.649069   0.724627
      0.19   0.797507   0.659971   0.722249
       0.2   0.779792   0.663452   0.716933
      0.21   0.748366   0.674303   0.709407
      0.22   0.719585   0.683303   0.700975
      0.23   0.697375   0.690763   0.694053
      0.24   0.673163   0.703029   0.687772
      0.25   0.651483   0.713591   0.681124
      0.26   0.622701   0.722482   0.668891
      0.27   0.603551   0.730507   0.660988
      0.28   0.566421   0.741101   0.642093
      0.29   0.538924    0.74548   0.625593
       0.3   0.508631   0.755522   0.607967
      0.31   0.477167   0.768231   0.588687
      0.32   0.451558   0.769673   0.569183
      0.33    0.41983   0.767013   0.542641
      0.34   0.399131   0.769461   0.525617
      0.35   0.360793   0.776709   0.492714
      0.36   0.339717   0.779322   0.473172
      0.37   0.315127   0.794331   0.451239
      0.38   0.286195     0.8014   0.421768
      0.39   0.256015   0.811256   0.389205
       0.4   0.237545   0.811199    0.36748
      0.41   0.207025    0.81581   0.330246
      0.42   0.187649   0.821027   0.305479
      0.43   0.181228   0.836379   0.297905
      0.44   0.173296   0.856637   0.288274
      0.45   0.169178   0.867338   0.283131
      0.46   0.167063   0.885577   0.281098
      0.47   0.165061   0.885686   0.278264
      0.48   0.159169   0.888542   0.269976
      0.49   0.157469   0.894004   0.267773
       0.5   0.152975   0.900662   0.261529
      0.51   0.150406   0.906574   0.258007
      0.52   0.147573   0.908544   0.253905
      0.53   0.144778   0.912609    0.24991
      0.54   0.142021   0.914322   0.245853
      0.55   0.140472   0.919419   0.243709
      0.56   0.139603   0.921727   0.242481
      0.57   0.135184    0.92068   0.235753
      0.58   0.134089   0.921397   0.234108
      0.59   0.126497   0.918675   0.222374
       0.6   0.124079   0.920245   0.218674
      0.61   0.123362   0.921474   0.217593
      0.62   0.119585   0.921273   0.211691
      0.63   0.118414   0.923611   0.209915
      0.64   0.113617   0.923218   0.202333
      0.65   0.112106   0.922787   0.199924
      0.66   0.110973   0.925781   0.198189
      0.67   0.108895   0.932406   0.195015
      0.68   0.103985   0.934737    0.18715
      0.69   0.101756   0.937634   0.183589
       0.7  0.0989235   0.945205   0.179102
      0.71  0.0957129   0.953545   0.173964
      0.72  0.0928423   0.955497    0.16924
      0.73  0.0896317   0.965616   0.164037
      0.74  0.0836638    0.96904   0.154029
      0.75   0.076865   0.978947   0.142538
      0.76  0.0730878    0.97786    0.13601
      0.77   0.067762   0.978992   0.126751
      0.78  0.0630028   0.977064   0.118373
      0.79  0.0526157   0.972527  0.0998303
       0.8  0.0502738   0.986928  0.0956741
      0.81  0.0381114   0.980769  0.0733717
      0.82  0.0293484   0.968254  0.0569701
      0.83  0.0251936   0.960784  0.0490997
      0.84 0.00963173   0.958333  0.0190718
      0.85 0.00815864          1  0.0161852
      0.86 0.00581681          1  0.0115663
      0.87          0          0          0
      0.88          0          0          0
      0.89          0          0          0
       0.9          0          0          0
      0.91          0          0          0
      0.92          0          0          0
      0.93          0          0          0
      0.94          0          0          0
      0.95          0          0          0
      0.96          0          0          0
      0.97          0          0          0
      0.98          0          0          0
      0.99          0          0          0
