         0          1   0.181029   0.306561
      0.01   0.785006   0.194356   0.311572
      0.02   0.784683   0.194438   0.311651
      0.03   0.784683   0.194875   0.312212
      0.04   0.783929    0.19641   0.314119
      0.05   0.782206   0.198288   0.316375
      0.06   0.777897   0.201239   0.319758
      0.07   0.773697   0.203941   0.322795
      0.08    0.76788   0.208955   0.328515
      0.09   0.764864   0.212264   0.332307
       0.1   0.750646   0.219437   0.339599
      0.11   0.742999   0.224884   0.345266
      0.12   0.731366    0.22887   0.348638
      0.13     0.7067   0.234432   0.352072
      0.14   0.699698    0.23866   0.355919
      0.15   0.671262    0.24502      0.359
      0.16   0.647997   0.251997   0.362877
      0.17   0.620745   0.259556   0.366052
      0.18   0.609436   0.264521   0.368917
      0.19   0.593817   0.276781   0.377574
       0.2   0.586708   0.283713   0.382474
      0.21   0.577768   0.295334    0.39087
      0.22   0.566782   0.308192   0.399275
      0.23    0.55838   0.316484    0.40399
      0.24   0.542869   0.329085    0.40977
      0.25   0.536622   0.337921   0.414699
      0.26   0.522943    0.35109   0.420121
      0.27   0.520465   0.359316   0.425132
      0.28   0.511956   0.374005    0.43224
      0.29   0.494184   0.379348   0.429218
       0.3   0.477273   0.393867   0.431577
      0.31   0.467255   0.412249   0.438032
      0.32   0.461008   0.421253   0.440235
      0.33   0.455299   0.437337   0.446138
      0.34   0.451206   0.449179    0.45019
      0.35    0.44022   0.469492   0.454385
      0.36   0.435804    0.47961   0.456659
      0.37   0.430526     0.4955   0.460733
      0.38   0.426217   0.501482   0.460797
      0.39    0.41243   0.516729   0.458726
       0.4   0.411137   0.526608   0.461763
      0.41   0.401012   0.543672   0.461571
      0.42   0.396381   0.564217   0.465637
      0.43   0.383563   0.575233    0.46024
      0.44   0.378824   0.595188   0.462974
      0.45   0.375485   0.604274   0.463166
      0.46   0.369345   0.623234   0.463819
      0.47   0.367083   0.630645   0.464053
      0.48   0.356743    0.64711   0.459932
      0.49   0.353727   0.652679   0.458801
       0.5   0.347264   0.664417   0.456128
      0.51   0.334016   0.679875   0.447955
      0.52   0.330138   0.691385   0.446886
      0.53   0.319582   0.710214   0.440809
      0.54   0.303748   0.729008   0.428823
      0.55   0.285222   0.731507   0.410418
      0.56   0.280913   0.738506   0.407009
      0.57   0.265941   0.744849   0.391943
      0.58   0.257324   0.753769    0.38367
      0.59    0.23492   0.773234   0.360358
       0.6    0.22695   0.780439   0.351642
      0.61   0.210362   0.794582   0.332655
      0.62   0.193128   0.794189   0.310701
      0.63   0.178479   0.799486   0.291813
      0.64   0.164584   0.816619   0.273955
      0.65   0.159629    0.82622   0.267564
      0.66   0.153059   0.836667   0.258778
      0.67   0.148212   0.842491   0.252078
      0.68   0.134533   0.844538   0.232093
      0.69   0.123007    0.83945   0.214573
       0.7   0.110297   0.860963   0.195544
      0.71  0.0994184   0.864198   0.178322
      0.72    0.08757   0.876812   0.159237
      0.73  0.0744291   0.878261   0.137229
      0.74  0.0655967   0.863158   0.121927
      0.75   0.053533      0.875   0.100893
      0.76  0.0507324   0.885246  0.0959652
      0.77  0.0403921     0.9375  0.0774473
      0.78  0.0345756    0.97619  0.0667857
      0.79  0.0249892    0.96875  0.0487217
       0.8  0.0234813   0.964286  0.0458461
      0.81  0.0120638          1  0.0238399
      0.82  0.0096941          1   0.019202
      0.83 0.00840155          1  0.0166631
      0.84  0.0079707          1  0.0158153
      0.85  0.0079707          1  0.0158153
      0.86  0.0044162          1 0.00879357
      0.87  0.0035545          1 0.00708383
      0.88          0          0          0
      0.89          0          0          0
       0.9          0          0          0
      0.91          0          0          0
      0.92          0          0          0
      0.93          0          0          0
      0.94          0          0          0
      0.95          0          0          0
      0.96          0          0          0
      0.97          0          0          0
      0.98          0          0          0
      0.99          0          0          0
