         0          1   0.235879   0.381719
      0.01   0.953932   0.368845   0.531991
      0.02   0.953791   0.374363   0.537684
      0.03   0.953649    0.38416   0.547692
      0.04   0.952802   0.405615   0.569002
      0.05   0.947644   0.423294   0.585193
      0.06   0.939377   0.447339   0.606065
      0.07   0.931181   0.465482   0.620691
      0.08   0.913941    0.49203   0.639681
      0.09   0.895782   0.510974   0.650747
       0.1   0.857769   0.538105   0.661334
      0.11   0.824348   0.567797   0.672433
      0.12   0.799548   0.585125   0.675734
      0.13   0.754398   0.614815   0.677492
      0.14   0.732919   0.637856   0.682091
      0.15   0.693139    0.67049   0.681626
      0.16   0.674981   0.698865   0.686715
      0.17   0.638663   0.730202   0.681372
      0.18    0.62644   0.755409   0.684906
      0.19    0.60821   0.784306   0.685124
       0.2   0.591535   0.799224   0.679872
      0.21   0.565251   0.822946    0.67018
      0.22    0.54144   0.856695   0.663525
      0.23    0.52639   0.868187   0.655403
      0.24   0.503215   0.886919   0.642112
      0.25   0.488872   0.898118   0.633119
      0.26   0.464283   0.907801    0.61436
      0.27   0.444853   0.914798    0.59861
      0.28   0.425775    0.92387    0.58291
      0.29   0.414894    0.92981   0.573766
       0.3   0.393062   0.936227   0.553672
      0.31   0.369957   0.938563   0.530719
      0.32   0.353282   0.949799   0.515005
      0.33   0.327422   0.958919   0.488161
      0.34   0.317318   0.971719    0.47841
      0.35   0.294072   0.993888   0.453857
      0.36   0.282555   0.997462   0.440366
      0.37   0.269272          1   0.424293
      0.38   0.254716          1   0.406014
      0.39   0.225465          1   0.367966
       0.4   0.209214          1   0.346032
      0.41   0.199534          1   0.332685
      0.42   0.186392          1   0.314216
      0.43   0.177489          1    0.30147
      0.44   0.160531          1   0.276651
      0.45   0.153395          1   0.265989
      0.46   0.140818          1   0.246872
      0.47   0.132622          1   0.234186
      0.48   0.130926          1   0.231538
      0.49   0.128029          1   0.226997
       0.5   0.124638          1    0.22165
      0.51   0.118703          1   0.212215
      0.52   0.112768          1    0.20268
      0.53   0.109164          1    0.19684
      0.54   0.103229          1    0.18714
      0.55   0.098283          1   0.178976
      0.56  0.0958101          1   0.174866
      0.57  0.0906522          1   0.166235
      0.58  0.0883205          1   0.162306
      0.59  0.0842224          1    0.15536
       0.6  0.0760263          1   0.141309
      0.61  0.0681128          1   0.127539
      0.62  0.0570904          1   0.108014
      0.63  0.0547587          1   0.103832
      0.64  0.0534162          1   0.101415
      0.65  0.0516498          1  0.0982263
      0.66  0.0494595          1  0.0942571
      0.67  0.0488236          1  0.0931016
      0.68  0.0471985          1  0.0901424
      0.69  0.0452908          1  0.0866568
       0.7  0.0428884          1  0.0822493
      0.71     0.0366          1  0.0706155
      0.72  0.0325019          1  0.0629576
      0.73  0.0287572          1  0.0559066
      0.74  0.0266375          1  0.0518926
      0.75  0.0218328          1  0.0427327
      0.76  0.0214089          1  0.0419203
      0.77  0.0148378          1  0.0292418
      0.78  0.0144846          1  0.0285555
      0.79  0.0143432          1  0.0282809
       0.8  0.0143432          1  0.0282809
      0.81  0.0133541          1  0.0263562
      0.82  0.0111637          1  0.0220809
      0.83  0.0105985          1  0.0209746
      0.84  0.0105985          1  0.0209746
      0.85  0.0103865          1  0.0205594
      0.86 0.00996255          1  0.0197286
      0.87 0.00374479          1 0.00746164
      0.88 0.00374479          1 0.00746164
      0.89 0.00374479          1 0.00746164
       0.9 0.00339151          1 0.00676009
      0.91 0.00303823          1 0.00605804
      0.92          0          0          0
      0.93          0          0          0
      0.94          0          0          0
      0.95          0          0          0
      0.96          0          0          0
      0.97          0          0          0
      0.98          0          0          0
      0.99          0          0          0
