         0          1   0.265439    0.41952
      0.01   0.894764   0.332618   0.484959
      0.02   0.894764    0.33274   0.485088
      0.03   0.894764   0.333228   0.485607
      0.04   0.894325   0.334938   0.487354
      0.05   0.893406   0.336076   0.488421
      0.06    0.89121   0.339698   0.491901
      0.07   0.889013    0.34279   0.494794
      0.08   0.885978   0.347421   0.499121
      0.09   0.882383   0.353066   0.504334
       0.1   0.873278   0.362158   0.511988
      0.11   0.858341   0.373258   0.520271
      0.12   0.853868   0.381117   0.527009
      0.13   0.843764   0.391473   0.534813
      0.14   0.836335   0.397925   0.539269
      0.15   0.815568   0.407657   0.543599
      0.16   0.804066   0.414282   0.546822
      0.17   0.789568   0.428988   0.555929
      0.18   0.778386   0.438223   0.560749
      0.19   0.761252   0.450946   0.566382
       0.2   0.750789   0.460927   0.571188
      0.21   0.735413   0.478417   0.579709
      0.22   0.717121   0.496177   0.586532
      0.23   0.702225   0.506795   0.588715
      0.24   0.681297   0.524346   0.592605
      0.25    0.66684    0.53359   0.592819
      0.26   0.648668   0.546509   0.593223
      0.27   0.637645   0.555712   0.593866
      0.28   0.615839   0.566601   0.590195
      0.29   0.600104   0.574237   0.586885
       0.3   0.580095   0.585112   0.582593
      0.31   0.558928   0.590426   0.574245
      0.32   0.545389   0.592997   0.568198
      0.33   0.517313   0.597001   0.554308
      0.34    0.50018   0.600189   0.545639
      0.35     0.4741   0.601223   0.530148
      0.36   0.458844   0.605084   0.521914
      0.37   0.439235   0.608511   0.510198
      0.38    0.42306    0.61102   0.499958
      0.39   0.402492   0.609452   0.484809
       0.4   0.387116   0.607834   0.472993
      0.41    0.35904   0.605181   0.450694
      0.42   0.328847   0.603752   0.425782
      0.43   0.317025   0.600595   0.414995
      0.44   0.297336   0.592689   0.396007
      0.45   0.276329   0.587246   0.375817
      0.46   0.251328   0.576062   0.349969
      0.47   0.237629   0.573191   0.335973
      0.48   0.213826   0.570391   0.311048
      0.49   0.199529     0.5625   0.294569
       0.5   0.184113   0.559574   0.277065
      0.51   0.169376   0.551887   0.259202
      0.52   0.159711   0.549811   0.247521
      0.53   0.135748   0.541193   0.217053
      0.54   0.125724    0.53621   0.203689
      0.55   0.104477   0.534454   0.174786
      0.56  0.0902592   0.529412   0.154225
      0.57   0.082671   0.539216   0.143362
      0.58  0.0809936   0.550725   0.141219
      0.59  0.0733256   0.556064   0.129566
       0.6  0.0683334   0.550971   0.121587
      0.61  0.0678541   0.574413   0.121371
      0.62  0.0664164    0.58427   0.119274
      0.63  0.0642198    0.60061   0.116033
      0.64  0.0577499   0.599303   0.105348
      0.65  0.0566317   0.626459   0.103873
      0.66   0.049363   0.635514  0.0916102
      0.67  0.0457686   0.634021  0.0853742
      0.68  0.0405368   0.654321  0.0763438
      0.69    0.03846   0.626761  0.0724728
       0.7   0.031431    0.62963  0.0598731
      0.71  0.0222852   0.657895  0.0431102
      0.72  0.0210871   0.623188  0.0407938
      0.73  0.0191302   0.642857  0.0371547
      0.74  0.0174528   0.645833  0.0339871
      0.75  0.0158952        0.6    0.03097
      0.76  0.0139782    0.53125  0.0272397
      0.77  0.0116219   0.428571  0.0226301
      0.78 0.00187707     0.3125 0.00373173
      0.79 0.00163745   0.285714 0.00325623
       0.8 0.00127801   0.333333 0.00254625
      0.81 0.000758816        0.2  0.0015119
      0.82          0          0          0
      0.83          0          0          0
      0.84          0          0          0
      0.85          0          0          0
      0.86          0          0          0
      0.87          0          0          0
      0.88          0          0          0
      0.89          0          0          0
       0.9          0          0          0
      0.91          0          0          0
      0.92          0          0          0
      0.93          0          0          0
      0.94          0          0          0
      0.95          0          0          0
      0.96          0          0          0
      0.97          0          0          0
      0.98          0          0          0
      0.99          0          0          0
