         0          1    0.32957   0.495755
      0.01   0.940133   0.427983   0.588197
      0.02   0.940133   0.428459   0.588647
      0.03   0.940133     0.4296   0.589722
      0.04   0.939835   0.433377   0.593212
      0.05   0.939282   0.437287   0.596753
      0.06   0.938644   0.448535   0.607008
      0.07   0.938005   0.459097    0.61647
      0.08    0.93375   0.480828    0.63478
      0.09   0.932431   0.497555   0.648867
       0.1   0.924092    0.52347   0.668344
      0.11   0.914475   0.553966   0.689967
      0.12   0.907412   0.572772   0.702264
      0.13   0.898051   0.601937   0.720766
      0.14   0.884648   0.623839   0.731697
      0.15    0.87167     0.6517   0.745804
      0.16   0.859586    0.66989   0.752974
      0.17   0.838056   0.690375   0.757081
      0.18   0.829589   0.700129   0.759381
      0.19   0.804357   0.711621   0.755153
       0.2   0.786274   0.719663   0.751495
      0.21   0.755297    0.73368   0.744332
      0.22   0.734235   0.746295   0.740216
      0.23   0.721853   0.756018   0.738541
      0.24   0.700408   0.766711   0.732061
      0.25   0.688835   0.774166   0.729012
      0.26   0.671177   0.785465   0.723838
      0.27   0.662284   0.791976   0.721347
      0.28   0.643264   0.801645   0.713774
      0.29   0.634754   0.807716   0.710866
       0.3   0.619649   0.817197   0.704843
      0.31   0.606842    0.82327   0.698679
      0.32   0.595949   0.828317   0.693178
      0.33   0.578632   0.830832   0.682168
      0.34    0.56859   0.833902   0.676151
      0.35   0.552123   0.840011     0.6663
      0.36   0.547485   0.843439   0.663976
      0.37   0.529189   0.846823   0.651345
      0.38    0.52153   0.848765   0.646075
      0.39   0.507106   0.852443   0.635915
       0.4   0.492639   0.853311   0.624651
      0.41   0.475066   0.856735   0.611211
      0.42   0.459578   0.860527   0.599163
      0.43   0.446856    0.86079   0.588307
      0.44   0.420688   0.859448   0.564876
      0.45   0.410816   0.859982    0.55602
      0.46   0.385499   0.863484   0.533029
      0.47   0.362224     0.8635   0.510361
      0.48   0.341503   0.861957   0.489191
      0.49   0.327036   0.864787   0.474595
       0.5   0.303038   0.865324   0.448878
      0.51   0.282316   0.861878   0.425316
      0.52   0.265254   0.864006   0.405896
      0.53   0.244235   0.861985   0.380623
      0.54   0.234661   0.859845     0.3687
      0.55   0.211259   0.865348   0.339608
      0.56   0.204493   0.871514   0.331259
      0.57   0.189729   0.872131   0.311657
      0.58   0.181942   0.880141   0.301548
      0.59   0.167816   0.883963    0.28208
       0.6   0.161561   0.896359   0.273776
      0.61   0.150072   0.905132   0.257458
      0.62   0.137307   0.919658    0.23894
      0.63     0.1265   0.926692   0.222612
      0.64   0.121139   0.931535   0.214397
      0.65   0.113139   0.935698    0.20187
      0.66   0.107906   0.935644   0.193496
      0.67  0.0982895   0.929919   0.177787
      0.68  0.0940346   0.948171     0.1711
      0.69  0.0827164       0.95   0.152182
       0.7  0.0783338    0.97037   0.144965
      0.71  0.0724619   0.971888   0.134868
      0.72  0.0673134   0.973333   0.125919
      0.73  0.0613565   0.984694   0.115515
      0.74  0.0568462   0.983333   0.107479
      0.75  0.0499957   0.987013  0.0951708
      0.76  0.0474428          1  0.0905878
      0.77  0.0421666          1  0.0809211
      0.78  0.0396136          1  0.0762084
      0.79  0.0361671          1  0.0698095
       0.8  0.0343375          1  0.0663952
      0.81  0.0299123          1  0.0580872
      0.82  0.0254872          1  0.0497075
      0.83  0.0179134          1  0.0351963
      0.84  0.0102544          1  0.0203007
      0.85 0.00587184          1  0.0116751
      0.86 0.00382946          1  0.0076297
      0.87          0          0          0
      0.88          0          0          0
      0.89          0          0          0
       0.9          0          0          0
      0.91          0          0          0
      0.92          0          0          0
      0.93          0          0          0
      0.94          0          0          0
      0.95          0          0          0
      0.96          0          0          0
      0.97          0          0          0
      0.98          0          0          0
      0.99          0          0          0
