         0          1   0.256164   0.407851
      0.01   0.973418   0.467614   0.631747
      0.02   0.973418   0.468324   0.632395
      0.03   0.973418   0.469827   0.633763
      0.04    0.97336   0.473992   0.637529
      0.05   0.972954   0.478489   0.641496
      0.06     0.9722   0.488498   0.650261
      0.07   0.971561   0.497918   0.658407
      0.08   0.967905   0.514428   0.671802
      0.09   0.965757   0.525657   0.680773
       0.1   0.962275   0.540717   0.692377
      0.11    0.95682   0.551208   0.699466
      0.12   0.952757   0.559285   0.704825
      0.13   0.945618   0.572966   0.713569
      0.14   0.941207   0.581324   0.718733
      0.15   0.930586   0.592696   0.724166
      0.16   0.925015   0.600046   0.727907
      0.17    0.91155   0.609806   0.730754
      0.18   0.891352   0.611682   0.725498
      0.19   0.870923   0.619518   0.724017
       0.2   0.859315   0.624455   0.723298
      0.21   0.848056   0.632714   0.724727
      0.22   0.837086   0.643233   0.727467
      0.23   0.821764   0.648893   0.725168
      0.24   0.801857   0.659944   0.724012
      0.25    0.79083   0.666047   0.723094
      0.26   0.772954   0.672108   0.719012
      0.27   0.765467   0.677555   0.718833
      0.28   0.749449   0.681913   0.714088
      0.29   0.739524   0.684655   0.711032
       0.3   0.712536   0.691802   0.702016
      0.31   0.698433   0.699373   0.698903
      0.32   0.690075   0.703479   0.696713
      0.33   0.672954   0.711921   0.691889
      0.34   0.663262   0.715411    0.68835
      0.35   0.639408   0.720252   0.677427
      0.36   0.619095   0.724214   0.667541
      0.37   0.583285   0.733156   0.649689
      0.38   0.558096   0.737604   0.635416
      0.39   0.522693   0.741999   0.613332
       0.4   0.494022   0.741156   0.592866
      0.41   0.460302   0.741996   0.568149
      0.42   0.440395   0.740427   0.552294
      0.43   0.420488   0.738247   0.535798
      0.44    0.38549   0.735493   0.505851
      0.45    0.37307   0.738865     0.4958
      0.46   0.353685   0.736713   0.477926
      0.47   0.347475   0.736442   0.472168
      0.48   0.337377   0.730911   0.461659
      0.49   0.327278   0.729201   0.451786
       0.5   0.311376   0.727429   0.436085
      0.51   0.303308   0.724646   0.427628
      0.52   0.298201   0.724954   0.422579
      0.53   0.287115    0.72447   0.411249
      0.54   0.275682   0.723362   0.399217
      0.55    0.26924   0.726519   0.392882
      0.56   0.265932    0.72591    0.38926
      0.57   0.255659    0.73048   0.378757
      0.58   0.247882   0.728278   0.369871
      0.59   0.241497   0.728114   0.362697
       0.6    0.23935   0.727903   0.360244
      0.61   0.232037   0.724138   0.351456
      0.62   0.226059   0.728261   0.345021
      0.63   0.222287   0.731606   0.340974
      0.64     0.2148   0.748252   0.333781
      0.65   0.204643   0.757538   0.322236
      0.66   0.188624   0.763869   0.302542
      0.67   0.180615   0.773071   0.292818
      0.68   0.161869   0.779461   0.268069
      0.69    0.15473   0.781588   0.258321
       0.7   0.139292    0.83691   0.238833
      0.71   0.120894   0.875949   0.212464
      0.72    0.10888   0.883333   0.193864
      0.73  0.0972142   0.883281   0.175151
      0.74  0.0860708   0.873239   0.156697
      0.75  0.0798607    0.88664   0.146524
      0.76  0.0738247   0.889381   0.136333
      0.77  0.0660476    0.89372   0.123005
      0.78  0.0638421   0.891753   0.119154
      0.79   0.057574   0.886364   0.108125
       0.8  0.0532792   0.881657   0.100486
      0.81  0.0496228   0.871795  0.0939007
      0.82  0.0437609   0.870229  0.0833313
      0.83  0.0399884   0.859649  0.0764219
      0.84  0.0338944   0.854167  0.0652015
      0.85  0.0294254   0.820513  0.0568134
      0.86  0.0172954        0.8  0.0338588
      0.87  0.0156123   0.846154  0.0306589
      0.88   0.010621        0.8  0.0209637
      0.89 0.00290192        0.4 0.00576203
       0.9          0          0          0
      0.91          0          0          0
      0.92          0          0          0
      0.93          0          0          0
      0.94          0          0          0
      0.95          0          0          0
      0.96          0          0          0
      0.97          0          0          0
      0.98          0          0          0
      0.99          0          0          0
