         0          1   0.382258   0.553092
      0.01   0.885787   0.532961   0.665502
      0.02   0.885787   0.532995   0.665528
      0.03   0.885715   0.533036   0.665541
      0.04   0.885715   0.533283   0.665733
      0.05   0.885715   0.533421   0.665841
      0.06   0.885501   0.533905   0.666157
      0.07   0.885178   0.534367   0.666425
      0.08   0.883174   0.534474   0.665939
      0.09   0.880704   0.534238   0.665053
       0.1   0.873081   0.533316   0.662157
      0.11   0.864455   0.534358   0.660458
      0.12   0.857762   0.534502   0.658604
      0.13   0.848599   0.537334   0.658013
      0.14   0.844662   0.539204   0.658221
      0.15   0.834711   0.542911   0.657907
      0.16   0.831239   0.545775   0.658918
      0.17   0.820037   0.548805   0.657549
      0.18   0.809227   0.550264   0.655081
      0.19   0.797917   0.552769   0.653096
       0.2   0.787501   0.550976   0.648341
      0.21   0.767493   0.552002   0.642151
      0.22   0.750027   0.555605    0.63834
      0.23    0.73188   0.557178   0.632691
      0.24   0.707327    0.56022   0.625237
      0.25   0.691292   0.562982   0.620574
      0.26   0.670568   0.566991   0.614445
      0.27   0.657396   0.570123   0.610657
      0.28   0.642757   0.574425   0.606673
      0.29   0.636816   0.579532   0.606825
       0.3   0.625863   0.586411   0.605495
      0.31   0.618132   0.594157   0.605908
      0.32   0.612227   0.600457   0.606285
      0.33    0.59995   0.605962   0.602941
      0.34   0.592935   0.612112   0.602371
      0.35   0.580407   0.617826   0.598532
      0.36   0.569491   0.621717   0.594459
      0.37   0.556462   0.630227   0.591052
      0.38   0.549483   0.634367   0.588882
      0.39   0.540535    0.64361   0.587586
       0.4   0.536275   0.650593   0.587929
      0.41   0.527292   0.659202   0.585914
      0.42   0.517449   0.669074   0.583573
      0.43   0.511722   0.675808   0.582429
      0.44    0.50374   0.684927   0.580525
      0.45   0.497155     0.6917   0.578509
      0.46   0.485594   0.697954   0.572722
      0.47   0.473102   0.702901    0.56555
      0.48   0.463617   0.706072   0.559716
      0.49   0.451627   0.708937   0.551757
       0.5   0.436594   0.713763   0.541788
      0.51   0.430975    0.71852   0.538783
      0.52   0.425749   0.725706   0.536658
      0.53   0.416049    0.73693   0.531838
      0.54    0.41068   0.741656   0.528637
      0.55   0.404238   0.752282   0.525889
      0.56   0.398762   0.757649   0.522516
      0.57   0.391102   0.764124   0.517389
      0.58   0.383586   0.768443    0.51173
      0.59   0.372562   0.773556    0.50291
       0.6   0.367765   0.778597   0.499565
      0.61   0.353842   0.787899   0.488363
      0.62   0.343677   0.798352   0.480505
      0.63   0.337127    0.80246   0.474788
      0.64   0.324886   0.812773   0.464214
      0.65   0.319267   0.819767   0.459555
      0.66    0.30631    0.83118    0.44765
      0.67   0.299152   0.839963   0.441178
      0.68   0.289917   0.851721   0.432586
      0.69   0.280039   0.862292   0.422776
       0.7   0.267977   0.876914   0.410506
      0.71   0.252801   0.882901   0.393057
      0.72    0.23333   0.888561   0.369604
      0.73   0.216651   0.900833   0.349295
      0.74   0.198146   0.911684   0.325539
      0.75   0.183471   0.923711   0.306136
      0.76   0.172841   0.939359   0.291961
      0.77   0.151473   0.947651   0.261196
      0.78    0.13984   0.951754   0.243852
      0.79    0.12513   0.963149   0.221485
       0.8   0.111028   0.973535   0.199323
      0.81  0.0978918    0.98427   0.178073
      0.82   0.086152   0.986667   0.158467
      0.83  0.0774187   0.985075   0.143555
      0.84  0.0657862   0.986348   0.123346
      0.85  0.0641755   0.992857   0.120558
      0.86  0.0570887   0.992157   0.107965
      0.87  0.0543684   0.991701   0.103085
      0.88  0.0516124   0.995169  0.0981353
      0.89  0.0479974          1  0.0915984
       0.9  0.0394789          1   0.075959
      0.91  0.0314256          1  0.0609363
      0.92  0.0244461          1  0.0477255
      0.93  0.0141379          1  0.0278817
      0.94 0.00952074          1  0.0188619
      0.95          0          0          0
      0.96          0          0          0
      0.97          0          0          0
      0.98          0          0          0
      0.99          0          0          0
