         0          1   0.173626   0.295879
      0.01    0.92045   0.534811   0.676534
      0.02   0.918025   0.550165    0.68801
      0.03   0.913853   0.589785   0.716897
      0.04   0.885235   0.677532   0.767581
      0.05   0.851475    0.73861   0.791037
      0.06    0.80064   0.790062   0.795316
      0.07   0.777939   0.807251   0.792324
      0.08   0.760671   0.830737   0.794162
      0.09   0.748545   0.845771   0.794193
       0.1   0.733799   0.857639   0.790901
      0.11   0.730986   0.863772    0.79185
      0.12   0.729627   0.871515   0.794285
      0.13   0.727008   0.877182   0.795066
      0.14   0.723807   0.879135   0.793945
      0.15   0.719538   0.881246   0.792224
      0.16    0.71915   0.884717   0.793388
      0.17   0.714106   0.896739   0.795069
      0.18    0.71362   0.906555     0.7986
      0.19   0.706345   0.923077   0.800297
       0.2   0.698681   0.926339   0.796563
      0.21   0.694606    0.93668   0.797682
      0.22   0.691017   0.949166   0.799776
      0.23   0.685099   0.956169   0.798249
      0.24    0.67986    0.96228   0.796784
      0.25    0.67142   0.965606    0.79208
      0.26    0.65813   0.971429   0.784662
      0.27   0.645615   0.972502    0.77604
      0.28    0.63572    0.97431   0.769412
      0.29   0.626019   0.974855    0.76243
       0.3   0.619422   0.976072   0.757885
      0.31   0.600019   0.981211   0.744668
      0.32   0.586923    0.98394   0.735261
      0.33   0.574505   0.993341   0.727979
      0.34   0.568393   0.993213   0.723019
      0.35   0.563252   0.993072   0.718809
      0.36   0.556073   0.992974   0.712911
      0.37    0.55064   0.994012   0.708694
      0.38   0.538708   0.995152   0.699016
      0.39   0.532208    0.99511    0.69351
       0.4   0.529686   0.996301   0.691653
      0.41   0.526969   0.997503    0.68962
      0.42   0.510477   0.998734   0.675626
      0.43   0.503201   0.998713   0.669218
      0.44   0.500388          1   0.667012
      0.45   0.497672          1   0.664594
      0.46   0.492724          1   0.660168
      0.47   0.484187          1   0.652461
      0.48   0.468374          1   0.637949
      0.49   0.460807          1   0.630894
       0.5   0.454113          1   0.624591
      0.51    0.43083          1    0.60221
      0.52   0.414144          1   0.585717
      0.53   0.380578          1   0.551332
      0.54   0.365638          1   0.535483
      0.55   0.324602          1   0.490113
      0.56   0.287253          1   0.446303
      0.57   0.236321          1   0.382298
      0.58   0.180539          1   0.305859
      0.59   0.146585          1    0.25569
       0.6   0.106228          1   0.192055
      0.61  0.0868258          1   0.159779
      0.62  0.0610206          1   0.115022
      0.63  0.0445285          1  0.0852605
      0.64  0.0357004          1  0.0689397
      0.65  0.0270664          1  0.0527061
      0.66 0.00669383          1  0.0132986
      0.67          0          0          0
      0.68          0          0          0
      0.69          0          0          0
       0.7          0          0          0
      0.71          0          0          0
      0.72          0          0          0
      0.73          0          0          0
      0.74          0          0          0
      0.75          0          0          0
      0.76          0          0          0
      0.77          0          0          0
      0.78          0          0          0
      0.79          0          0          0
       0.8          0          0          0
      0.81          0          0          0
      0.82          0          0          0
      0.83          0          0          0
      0.84          0          0          0
      0.85          0          0          0
      0.86          0          0          0
      0.87          0          0          0
      0.88          0          0          0
      0.89          0          0          0
       0.9          0          0          0
      0.91          0          0          0
      0.92          0          0          0
      0.93          0          0          0
      0.94          0          0          0
      0.95          0          0          0
      0.96          0          0          0
      0.97          0          0          0
      0.98          0          0          0
      0.99          0          0          0
