         0          1   0.331079    0.49746
      0.01   0.925929   0.289346   0.440911
      0.02   0.925929   0.289528   0.441122
      0.03   0.925929   0.289614   0.441221
      0.04   0.925929   0.290182   0.441881
      0.05   0.925929   0.290857   0.442663
      0.06   0.925929   0.291811   0.443767
      0.07   0.925846   0.292484   0.444535
      0.08   0.925846   0.293433    0.44563
      0.09   0.925597   0.295062   0.447477
       0.1    0.92539   0.297372   0.450104
      0.11   0.924643   0.299038   0.451921
      0.12   0.924063     0.3003    0.45329
      0.13   0.922736   0.301917    0.45497
      0.14   0.921699   0.303668   0.456827
      0.15    0.91751   0.306063   0.459009
      0.16   0.914482    0.30818   0.461003
      0.17    0.91046   0.312292   0.465065
      0.18   0.905856   0.315072   0.467529
      0.19   0.902497   0.320289   0.472789
       0.2   0.898971   0.324633    0.47701
      0.21   0.889764    0.33013   0.481579
      0.22    0.88288   0.334706   0.485395
      0.23   0.875829   0.338729   0.488522
      0.24   0.864217     0.3445   0.492626
      0.25   0.850655   0.347779   0.493711
      0.26   0.837218    0.35287   0.496483
      0.27   0.823947   0.356179   0.497358
      0.28   0.804122   0.362709   0.499922
      0.29   0.792676   0.367974   0.502622
       0.3   0.776252   0.375427   0.506089
      0.31   0.761488   0.383197   0.509834
      0.32   0.749627   0.387666   0.511047
      0.33   0.733535   0.394365   0.512954
      0.34   0.720056   0.396639   0.511514
      0.35   0.697619   0.402681    0.51062
      0.36   0.684307   0.407678   0.510954
      0.37   0.660791   0.415484   0.510182
      0.38    0.64076   0.419713   0.507199
      0.39   0.620604   0.428365   0.506869
       0.4   0.608825   0.434224   0.506911
      0.41   0.587633   0.440588   0.503596
      0.42   0.572495    0.45066   0.504324
      0.43   0.555533    0.45863   0.502452
      0.44   0.536621   0.468664   0.500346
      0.45   0.525464   0.476485   0.499778
      0.46   0.508958   0.486962   0.497717
      0.47   0.489673   0.492829   0.491246
      0.48   0.467734   0.502545   0.484515
      0.49    0.45384   0.510914   0.480689
       0.5   0.437044   0.521599   0.475592
      0.51   0.416058   0.533269   0.467428
      0.52   0.400589   0.533242   0.457494
      0.53   0.374295   0.542398   0.442933
      0.54   0.358784   0.548578   0.433831
      0.55   0.338379   0.556323   0.420806
      0.56   0.325937    0.56204     0.4126
      0.57   0.308104   0.568389   0.399599
      0.58   0.297736   0.577297   0.392858
      0.59   0.284796   0.587604   0.383648
       0.6   0.277663   0.590185   0.377652
      0.61   0.252281    0.58209   0.352002
      0.62   0.232706   0.589383   0.333669
      0.63   0.219766   0.595638    0.32107
      0.64   0.202389   0.604052   0.303192
      0.65   0.190942   0.608095   0.290627
      0.66   0.175307   0.613586   0.272701
      0.67   0.169791   0.616125   0.266218
      0.68   0.159091   0.615591   0.252839
      0.69   0.148142   0.606414   0.238115
       0.7   0.134373    0.58804   0.218758
      0.71   0.119401   0.575238   0.197755
      0.72   0.111231   0.575258   0.186417
      0.73  0.0989134   0.570071   0.168577
      0.74  0.0877157   0.555851   0.151521
      0.75  0.0719144   0.554878   0.127327
      0.76  0.0638686   0.540541   0.114239
      0.77  0.0544957   0.560484  0.0993332
      0.78  0.0510534   0.586364  0.0939287
      0.79  0.0401875    0.58011  0.0751676
       0.8  0.0384871   0.589744  0.0722585
      0.81  0.0331785   0.566929  0.0626883
      0.82  0.0258378   0.549451  0.0493546
      0.83  0.0203633   0.493151  0.0391116
      0.84  0.0168381   0.508772  0.0325974
      0.85  0.0150133   0.431818  0.0290177
      0.86   0.013852   0.424242  0.0268281
      0.87  0.0117784        0.4  0.0228829
      0.88 0.00389847       0.25 0.00767723
      0.89          0          0          0
       0.9          0          0          0
      0.91          0          0          0
      0.92          0          0          0
      0.93          0          0          0
      0.94          0          0          0
      0.95          0          0          0
      0.96          0          0          0
      0.97          0          0          0
      0.98          0          0          0
      0.99          0          0          0
