         0          1   0.339259   0.506637
      0.01    0.98419   0.755237   0.854646
      0.02   0.983378   0.760758   0.857861
      0.03   0.981059    0.77592   0.866514
      0.04   0.968728   0.805937   0.879866
      0.05   0.954194   0.822133   0.883254
      0.06   0.934983   0.843595   0.886941
      0.07   0.914573    0.85141   0.881862
      0.08   0.884383   0.863209   0.873668
      0.09   0.871511   0.866991   0.869245
       0.1   0.855818   0.872413   0.864036
      0.11   0.834055   0.878667    0.85578
      0.12   0.817511   0.882572   0.848796
      0.13   0.794666   0.890912   0.840041
      0.14   0.781484   0.896558   0.835075
      0.15   0.761345   0.906994   0.827812
      0.16    0.74426   0.909307   0.818546
      0.17   0.718206   0.918753   0.806195
      0.18   0.704909   0.923077   0.799375
      0.19   0.685311   0.931189   0.789551
       0.2   0.674874   0.936852   0.784572
      0.21   0.656165   0.946073   0.774892
      0.22   0.638114   0.951111    0.76379
      0.23   0.621917   0.954376   0.753087
      0.24   0.599652   0.955806   0.736955
      0.25   0.578431   0.955971   0.720754
      0.26   0.563355     0.9571   0.709245
      0.27   0.550831   0.957143   0.699248
      0.28   0.520332   0.954734   0.673568
      0.29   0.501778   0.953685   0.657575
       0.3    0.45431   0.948449   0.614346
      0.31   0.405025   0.947065   0.567396
      0.32   0.373483   0.942708   0.535006
      0.33   0.331117   0.939314   0.489634
      0.34   0.311133   0.936554   0.467092
      0.35    0.26954   0.934167   0.418367
      0.36   0.246193   0.933692   0.389645
      0.37   0.218168   0.942029   0.354285
      0.38   0.204871   0.945067   0.336742
      0.39   0.181794   0.940568   0.304695
       0.4   0.164012   0.938307   0.279218
      0.41   0.129494   0.932384   0.227404
      0.42   0.102899    0.93361   0.185368
      0.43  0.0918052    0.94213   0.167307
      0.44  0.0771164   0.937008   0.142504
      0.45   0.069656   0.938547   0.129687
      0.46  0.0632779   0.931677   0.118507
      0.47    0.06092   0.930921   0.114356
      0.48  0.0524932    0.92674  0.0993585
      0.49  0.0491303   0.923664   0.093298
       0.5  0.0461152   0.924686  0.0878492
      0.51  0.0438346   0.927602  0.0837132
      0.52  0.0425203   0.925581  0.0813055
      0.53  0.0387321   0.923469   0.074346
      0.54  0.0381523   0.920213  0.0732669
      0.55  0.0300734   0.908537  0.0582198
      0.56  0.0288365   0.898649  0.0558799
      0.57  0.0244298   0.898438  0.0475663
      0.58  0.0219946   0.898305  0.0429379
      0.59  0.0205257   0.907407  0.0401434
       0.6  0.0171627   0.897959  0.0336817
      0.61  0.0163896    0.89011  0.0321866
      0.62  0.0144569   0.876543  0.0284447
      0.63  0.0142636   0.884615  0.0280746
      0.64  0.0133746   0.895522  0.0263555
      0.65   0.011983   0.896552  0.0236499
      0.66  0.0115578       0.94  0.0228348
      0.67  0.0113259   0.958333  0.0223871
      0.68 0.00749903   0.972222  0.0148833
      0.69 0.00749903   0.971429  0.0148832
       0.7  0.0044453          1 0.00885126
      0.71 0.00425203          1 0.00846805
      0.72 0.00409741          1 0.00816138
      0.73 0.00382683          1 0.00762448
      0.74 0.00351759          1 0.00701052
      0.75 0.00243525          1 0.00485867
      0.76 0.00231929          1 0.00462784
      0.77 0.00220332          1 0.00439696
      0.78 0.00201005          1 0.00401204
      0.79 0.00096637          1 0.00193087
       0.8 0.00096637          1 0.00193087
      0.81 0.000657132          1  0.0013134
      0.82 0.000657132          1  0.0013134
      0.83 0.000657132          1  0.0013134
      0.84          0          0          0
      0.85          0          0          0
      0.86          0          0          0
      0.87          0          0          0
      0.88          0          0          0
      0.89          0          0          0
       0.9          0          0          0
      0.91          0          0          0
      0.92          0          0          0
      0.93          0          0          0
      0.94          0          0          0
      0.95          0          0          0
      0.96          0          0          0
      0.97          0          0          0
      0.98          0          0          0
      0.99          0          0          0
