         0          1   0.393948   0.565226
      0.01   0.959677   0.423967   0.588115
      0.02   0.959607   0.424245    0.58837
      0.03   0.959536    0.42522   0.589294
      0.04   0.958758   0.427648   0.591473
      0.05   0.957484   0.430128   0.593596
      0.06   0.954018   0.438701   0.601024
      0.07   0.951401   0.444559   0.605969
      0.08   0.942629   0.456272   0.614905
      0.09   0.932866   0.465131   0.620752
       0.1   0.916808   0.478979   0.629225
      0.11   0.889926   0.493508   0.634921
      0.12   0.871109   0.503244   0.637945
      0.13   0.835031   0.519027   0.640155
      0.14   0.807548   0.528512   0.638891
      0.15   0.762238   0.545851   0.636147
      0.16   0.731183   0.558185   0.633078
      0.17   0.674307   0.572296   0.619128
      0.18   0.636602   0.580781   0.607411
      0.19   0.578523   0.592457   0.585407
       0.2   0.539757   0.599493   0.568059
      0.21   0.477964   0.609183   0.535654
      0.22   0.421336   0.624152   0.503071
      0.23   0.396399   0.636893   0.488659
      0.24   0.337542   0.644811   0.443122
      0.25    0.30967   0.648736   0.419226
      0.26   0.274866   0.675032   0.390659
      0.27   0.258843   0.688087   0.376176
      0.28   0.233199   0.702238   0.350128
      0.29   0.215761    0.71345   0.331324
       0.3   0.195706   0.732247   0.308863
      0.31   0.172715   0.740997   0.280135
      0.32   0.160795   0.748851   0.264744
      0.33   0.140139   0.750859   0.236194
      0.34   0.134692   0.770992   0.229321
      0.35   0.124116   0.782511   0.214249
      0.36   0.112656   0.793367   0.197296
      0.37  0.0992148   0.806748   0.176699
      0.38  0.0861984   0.812274   0.155857
      0.39  0.0701754   0.852535   0.129677
       0.4  0.0568761   0.868852   0.106763
      0.41  0.0503325   0.877419  0.0952037
      0.42  0.0427632   0.892562   0.081616
      0.43  0.0346279   0.897959  0.0666843
      0.44  0.0276599   0.931507  0.0537245
      0.45  0.0246534   0.953846  0.0480644
      0.46  0.0215407          1  0.0421731
      0.47  0.0208333          1  0.0408163
      0.48  0.0163059          1  0.0320885
      0.49  0.0129103          1  0.0254915
       0.5 0.00930249          1  0.0184335
      0.51 0.00909027          1  0.0180168
      0.52 0.00827674          1  0.0164176
      0.53 0.00742784          1  0.0147462
      0.54 0.00718025          1  0.0142581
      0.55 0.00424448          1 0.00845309
      0.56 0.00367855          1 0.00733014
      0.57 0.00282965          1 0.00564334
      0.58 0.00258206          1 0.00515082
      0.59          0          0          0
       0.6          0          0          0
      0.61          0          0          0
      0.62          0          0          0
      0.63          0          0          0
      0.64          0          0          0
      0.65          0          0          0
      0.66          0          0          0
      0.67          0          0          0
      0.68          0          0          0
      0.69          0          0          0
       0.7          0          0          0
      0.71          0          0          0
      0.72          0          0          0
      0.73          0          0          0
      0.74          0          0          0
      0.75          0          0          0
      0.76          0          0          0
      0.77          0          0          0
      0.78          0          0          0
      0.79          0          0          0
       0.8          0          0          0
      0.81          0          0          0
      0.82          0          0          0
      0.83          0          0          0
      0.84          0          0          0
      0.85          0          0          0
      0.86          0          0          0
      0.87          0          0          0
      0.88          0          0          0
      0.89          0          0          0
       0.9          0          0          0
      0.91          0          0          0
      0.92          0          0          0
      0.93          0          0          0
      0.94          0          0          0
      0.95          0          0          0
      0.96          0          0          0
      0.97          0          0          0
      0.98          0          0          0
      0.99          0          0          0
