         0          1   0.310743   0.474148
      0.01   0.950106   0.347028   0.508372
      0.02   0.950106   0.347267   0.508629
      0.03   0.950106   0.347903    0.50931
      0.04   0.950106   0.351663   0.513328
      0.05   0.950106   0.356527    0.51849
      0.06   0.950066   0.368389   0.530915
      0.07   0.949986   0.378117   0.540931
      0.08   0.949826    0.39622   0.559179
      0.09   0.948382   0.410364   0.572854
       0.1   0.945975   0.434825   0.595791
      0.11   0.943769    0.46243   0.620719
      0.12   0.941884   0.484078   0.639492
      0.13   0.936951    0.51768   0.666892
      0.14   0.932619   0.536785   0.681386
      0.15   0.927807   0.567892   0.704546
      0.16   0.923796   0.588333   0.718853
      0.17   0.914892   0.619094   0.738474
      0.18   0.909357   0.644572   0.754405
      0.19   0.901135   0.672227   0.770029
       0.2   0.893715   0.690296   0.778944
      0.21   0.879597   0.714873   0.788726
      0.22   0.863955   0.737383   0.795667
      0.23   0.853888   0.750373   0.798791
      0.24   0.833875   0.770875   0.801138
      0.25    0.82076   0.783995   0.801956
      0.26   0.802511   0.803023   0.802767
      0.27   0.789516   0.811445    0.80033
      0.28   0.775879   0.823865   0.799153
      0.29   0.761401   0.829104   0.793811
       0.3   0.742029   0.838904   0.787498
      0.31   0.725946    0.84816   0.782308
      0.32   0.709662   0.852474    0.77454
      0.33   0.690771   0.860583   0.766383
      0.34   0.677616   0.866186   0.760384
      0.35   0.653912   0.874136   0.748155
      0.36   0.642402   0.877137   0.741638
      0.37   0.625396   0.881248   0.731598
      0.38   0.611278   0.885291   0.723199
      0.39   0.589099   0.891511   0.709421
       0.4   0.576304   0.896121    0.70148
      0.41   0.557935   0.899543   0.688706
      0.42   0.537601   0.907157   0.675114
      0.43   0.525127   0.909319   0.665774
      0.44    0.50732   0.911181   0.651759
      0.45   0.496651   0.913162    0.64338
      0.46   0.474351   0.911884   0.624069
      0.47   0.462239   0.912703   0.613679
      0.48   0.445674   0.911784   0.598705
      0.49   0.433081   0.910317   0.586931
       0.5    0.41419   0.907923   0.568866
      0.51   0.389323   0.910769   0.545475
      0.52    0.37308   0.911433   0.529442
      0.53   0.351021   0.912097   0.506944
      0.54   0.332972   0.910256   0.487586
      0.55   0.314122   0.907336   0.466678
      0.56    0.29864   0.903226   0.448868
      0.57   0.282958   0.901288   0.430699
      0.58   0.267517   0.899549   0.412392
      0.59   0.248987    0.89697   0.389777
       0.6   0.236795   0.894937   0.374499
      0.61   0.222436   0.890392    0.35595
      0.62   0.210324   0.886957   0.340019
      0.63   0.201099   0.886191    0.32781
      0.64   0.186059   0.882645   0.307333
      0.65   0.169815    0.87766    0.28457
      0.66    0.15682   0.870406   0.265759
      0.67   0.144989   0.860707   0.248172
      0.68   0.132475   0.849438   0.229204
      0.69   0.130109   0.842353   0.225402
       0.7   0.119761   0.827763   0.209248
      0.71    0.11186   0.810734   0.196595
      0.72   0.101231   0.800595   0.179736
      0.73  0.0928488   0.782468      0.166
      0.74  0.0874343   0.760714   0.156842
      0.75  0.0780492    0.73622   0.141136
      0.76  0.0725143   0.713675   0.131652
      0.77   0.064172   0.696682   0.117519
      0.78  0.0595596   0.671795   0.109418
      0.79  0.0535836   0.642857  0.0989218
       0.8   0.048129   0.635135  0.0894776
      0.81  0.0377813   0.896552   0.072507
      0.82  0.0318052   0.898551  0.0614359
      0.83   0.029479   0.912281  0.0571125
      0.84  0.0191714          1  0.0376215
      0.85  0.0115911          1  0.0229165
      0.86 0.00705892          1  0.0140189
      0.87 0.00629688          1  0.0125149
      0.88  0.0053343          1   0.010612
      0.89 0.00465247          1 0.00926185
       0.9          0          0          0
      0.91          0          0          0
      0.92          0          0          0
      0.93          0          0          0
      0.94          0          0          0
      0.95          0          0          0
      0.96          0          0          0
      0.97          0          0          0
      0.98          0          0          0
      0.99          0          0          0
