         0          1   0.172013   0.293534
      0.01   0.973967   0.221646   0.361113
      0.02   0.973967   0.223587   0.363686
      0.03   0.973896    0.22778   0.369207
      0.04   0.971744   0.241598   0.386983
      0.05   0.970525   0.255266   0.404216
      0.06   0.961417   0.282186   0.436311
      0.07   0.957544   0.304653    0.46224
      0.08   0.948365   0.340556    0.50115
      0.09   0.937751   0.366268   0.526784
       0.1   0.922547   0.407546   0.565345
      0.11   0.906698   0.449774   0.601279
      0.12   0.896371   0.474942     0.6209
      0.13   0.867398   0.504505   0.637955
      0.14   0.840648   0.523918   0.645525
      0.15   0.800344   0.546593   0.649566
      0.16   0.773953   0.562514   0.651508
      0.17   0.755594   0.587179   0.660825
      0.18   0.741036   0.599841   0.663004
      0.19    0.70525   0.618569   0.659071
       0.2    0.69399   0.639877   0.665836
      0.21   0.682229     0.6559   0.668805
      0.22   0.661933   0.676334   0.669056
      0.23   0.643574   0.685789   0.664012
      0.24   0.622131   0.695462   0.656756
      0.25   0.606426   0.701174   0.650367
      0.26   0.580536   0.707012   0.637562
      0.27   0.565835   0.707543   0.628804
      0.28   0.543675    0.71193   0.616529
      0.29   0.535786   0.712487    0.61163
       0.3    0.51004   0.714971   0.595364
      0.31   0.487235   0.711646   0.578437
      0.32   0.471242     0.7078    0.56579
      0.33   0.443703   0.703001   0.544035
      0.34   0.425488   0.696372   0.528226
      0.35   0.405336   0.686497   0.509715
      0.36   0.392283   0.679889   0.497512
      0.37   0.373207   0.671091   0.479664
      0.38   0.363597   0.665906   0.470366
      0.39   0.353127   0.659761    0.46003
       0.4   0.334481   0.651376   0.441997
      0.41   0.314257    0.64292   0.422163
      0.42   0.291738   0.627561   0.398311
      0.43   0.274814    0.61657   0.380177
      0.44   0.257889   0.605395   0.361699
      0.45    0.25459   0.602041   0.357852
      0.46   0.246558   0.590042   0.347787
      0.47   0.238597   0.581345   0.338334
      0.48   0.223465   0.568337   0.320796
      0.49   0.212708   0.560048   0.308316
       0.5   0.199799   0.550311   0.293161
      0.51   0.194349   0.542894   0.286231
      0.52   0.191624    0.54047   0.282933
      0.53   0.181153   0.535014   0.270662
      0.54   0.177352   0.545319   0.267656
      0.55   0.169248   0.551613   0.259022
      0.56    0.16387   0.555938   0.253127
      0.57   0.153471   0.578431    0.24258
      0.58   0.145726   0.592998   0.233958
      0.59   0.132889   0.638814    0.22001
       0.6   0.123351    0.66875   0.208283
      0.61   0.113669   0.777328   0.198335
      0.62   0.102553   0.840206   0.182795
      0.63  0.0957401   0.884848   0.172785
      0.64  0.0761618   0.889706   0.140312
      0.65  0.0644722   0.905983   0.120378
      0.66  0.0475473   0.920455  0.0904237
      0.67  0.0462565   0.935897  0.0881558
      0.68  0.0379375   0.929825  0.0729005
      0.69  0.0248135   0.928571  0.0483354
       0.7  0.0207258   0.966667  0.0405814
      0.71  0.0154188          1  0.0303694
      0.72  0.0107573          1  0.0212857
      0.73 0.00953815          1  0.0188961
      0.74 0.00917958          1  0.0181922
      0.75 0.00530694          1  0.0105579
      0.76 0.00365749          1 0.00728832
      0.77          0          0          0
      0.78          0          0          0
      0.79          0          0          0
       0.8          0          0          0
      0.81          0          0          0
      0.82          0          0          0
      0.83          0          0          0
      0.84          0          0          0
      0.85          0          0          0
      0.86          0          0          0
      0.87          0          0          0
      0.88          0          0          0
      0.89          0          0          0
       0.9          0          0          0
      0.91          0          0          0
      0.92          0          0          0
      0.93          0          0          0
      0.94          0          0          0
      0.95          0          0          0
      0.96          0          0          0
      0.97          0          0          0
      0.98          0          0          0
      0.99          0          0          0
