         0          1   0.171113   0.292223
      0.01   0.968851   0.142832   0.248961
      0.02   0.968851   0.143438   0.249882
      0.03   0.968375   0.144109   0.250882
      0.04   0.967899   0.147014   0.255257
      0.05   0.967899   0.150098   0.259893
      0.06   0.965803   0.157569   0.270935
      0.07    0.96466   0.163466   0.279559
      0.08   0.957516    0.17519   0.296188
      0.09    0.95342   0.185473   0.310535
       0.1   0.942084   0.202555   0.333423
      0.11   0.927986   0.223805   0.360635
      0.12   0.918365   0.239937    0.38047
      0.13   0.896742   0.269214   0.414107
      0.14   0.884359   0.288623   0.435209
      0.15   0.860354   0.322554   0.469201
      0.16   0.846923   0.347139   0.492437
      0.17   0.823871    0.38802   0.527569
      0.18   0.805201   0.415536   0.548177
      0.19   0.780625   0.459148   0.578206
       0.2   0.758335   0.488473   0.594199
      0.21   0.726519   0.526082   0.610264
      0.22   0.712136   0.566315   0.630909
      0.23   0.694608   0.590504   0.638339
      0.24   0.664889   0.616304   0.639675
      0.25   0.644408   0.629754   0.636997
      0.26   0.624786   0.654225   0.639166
      0.27   0.604687   0.669697   0.635534
      0.28   0.569537   0.690081   0.624041
      0.29   0.561345   0.704975   0.625015
       0.3   0.539436   0.723346   0.617999
      0.31    0.51486   0.740453   0.607386
      0.32    0.48495   0.751746   0.589569
      0.33   0.458659   0.766368   0.573867
      0.34   0.439703   0.777289   0.561674
      0.35   0.407506    0.78939   0.537526
      0.36   0.394551   0.802345   0.528979
      0.37   0.356735   0.815188   0.496288
      0.38   0.348733   0.829808   0.491084
      0.39   0.331777   0.845503   0.476554
       0.4   0.311107   0.853211   0.455958
      0.41   0.289674   0.869221   0.434536
      0.42   0.260716   0.884615   0.402737
      0.43   0.248809   0.895238   0.389396
      0.44   0.237855   0.910369   0.377166
      0.45   0.223757   0.918715   0.359867
      0.46   0.207087   0.936306    0.33916
      0.47   0.195656   0.938914   0.323831
      0.48   0.172414   0.943734   0.291561
      0.49    0.16746   0.953678   0.284895
       0.5   0.157363   0.969512   0.270776
      0.51   0.142218   0.986622     0.2486
      0.52   0.135073   0.992908   0.237797
      0.53    0.12993   0.992366   0.229775
      0.54   0.128215   0.992032   0.227081
      0.55   0.116689          1   0.208991
      0.56   0.112402          1   0.202089
      0.57   0.105258          1   0.190468
      0.58   0.101257          1   0.183894
      0.59   0.098495          1   0.179327
       0.6   0.098495          1   0.179327
      0.61  0.0928748          1   0.169964
      0.62  0.0915412          1   0.167728
      0.63  0.0915412          1   0.167728
      0.64  0.0898266          1   0.164846
      0.65  0.0894456          1   0.164204
      0.66  0.0876357          1   0.161149
      0.67  0.0862069          1    0.15873
      0.68  0.0802058          1   0.148501
      0.69  0.0785864          1   0.145721
       0.7  0.0757287          1   0.140795
      0.71  0.0666794          1   0.125022
      0.72  0.0662983          1   0.124352
      0.73  0.0615355          1   0.115937
      0.74  0.0547723          1   0.103856
      0.75  0.0467708          1  0.0893621
      0.76  0.0381025          1   0.073408
      0.77  0.0359116          1  0.0693333
      0.78  0.0296247          1  0.0575446
      0.79  0.0288626          1  0.0561059
       0.8  0.0283864          1  0.0552056
      0.81  0.0274338          1  0.0534026
      0.82  0.0253382          1   0.049424
      0.83  0.0210516          1  0.0412352
      0.84  0.0187655          1  0.0368396
      0.85  0.0158125          1  0.0311328
      0.86  0.0154315          1   0.030394
      0.87  0.0147647          1  0.0290998
      0.88 0.00990665          1  0.0196189
      0.89  0.0091446          1  0.0181235
       0.9 0.00590589          1  0.0117424
      0.91          0          0          0
      0.92          0          0          0
      0.93          0          0          0
      0.94          0          0          0
      0.95          0          0          0
      0.96          0          0          0
      0.97          0          0          0
      0.98          0          0          0
      0.99          0          0          0
