         0          1   0.391539   0.562742
      0.01   0.875491   0.480024   0.620069
      0.02   0.875491   0.480139   0.620165
      0.03    0.87535   0.480259    0.62023
      0.04   0.872582    0.48031   0.619576
      0.05   0.869393   0.480163   0.618648
      0.06   0.858389   0.479962   0.615674
      0.07   0.849944   0.481272   0.614557
      0.08   0.827761   0.484469   0.611211
      0.09   0.815847   0.489658   0.612002
       0.1   0.791947   0.498954     0.6122
      0.11   0.762651   0.511311   0.612187
      0.12   0.741204   0.520794   0.611752
      0.13   0.715903   0.536669   0.613463
      0.14    0.69393   0.545475   0.610812
      0.15   0.658011   0.562404   0.606463
      0.16   0.635899   0.574427   0.603602
      0.17   0.602362   0.594603   0.598457
      0.18    0.58428   0.611426   0.597544
      0.19   0.559574   0.632325   0.593729
       0.2   0.541737   0.643358    0.58819
      0.21   0.514858    0.66585     0.5807
      0.22   0.495164    0.69095   0.576898
      0.23   0.470914   0.706294   0.565072
      0.24   0.451009    0.72895   0.557245
      0.25   0.435485   0.737616   0.547644
      0.26   0.409518    0.76824   0.534249
      0.27   0.393468   0.785111   0.524218
      0.28   0.364417   0.806493   0.502002
      0.29   0.352397   0.825713   0.493976
       0.3   0.338274   0.853707    0.48455
      0.31   0.322154   0.874037   0.470786
      0.32   0.307366   0.884322   0.456177
      0.33   0.293314   0.902937    0.44279
      0.34   0.287637   0.912305   0.437375
      0.35   0.276353   0.918009    0.42482
      0.36   0.265524   0.930739   0.413176
      0.37   0.253434    0.94402   0.399593
      0.38   0.245409   0.955036    0.39048
      0.39   0.231147   0.961576   0.372702
       0.4   0.222035   0.965661   0.361053
      0.41   0.208158   0.968073   0.342641
      0.42    0.19386   0.982323   0.323816
      0.43   0.179072   0.987788   0.303182
      0.44   0.167893   0.995556    0.28733
      0.45     0.1612    0.99689   0.277523
      0.46   0.150722          1   0.261961
      0.47   0.146096          1   0.254946
      0.48   0.142101          1   0.248842
      0.49   0.139683          1   0.245126
       0.5   0.134567          1   0.237213
      0.51   0.130817          1   0.231368
      0.52   0.125701          1   0.223329
      0.53   0.119288          1    0.21315
      0.54   0.118237          1    0.21147
      0.55   0.115994          1   0.207875
      0.56   0.113155          1   0.203306
      0.57   0.104675          1   0.189512
      0.58  0.0995585          1   0.181088
      0.59  0.0908326          1   0.166538
       0.6  0.0871881          1   0.160392
      0.61   0.085506          1   0.157541
      0.62   0.082282          1   0.152053
      0.63  0.0798991          1   0.147975
      0.64  0.0745024          1   0.138673
      0.65  0.0702271          1   0.131238
      0.66  0.0619568          1   0.116684
      0.67   0.058838          1   0.111137
      0.68   0.049972          1  0.0951872
      0.69  0.0422974          1   0.081162
       0.7  0.0317494          1  0.0615447
      0.71  0.0240749          1  0.0470178
      0.72  0.0213064          1  0.0417239
      0.73  0.0198346          1  0.0388977
      0.74   0.017767          1  0.0349137
      0.75  0.0141576          1  0.0279198
      0.76 0.00844547          1  0.0167495
      0.77 0.00760443          1  0.0150941
      0.78 0.00718391          1  0.0142653
      0.79 0.00445052          1  0.0088616
       0.8 0.00364452          1 0.00726257
      0.81 0.00231287          1 0.00461506
      0.82 0.00203252          1  0.0040568
      0.83 0.00203252          1  0.0040568
      0.84          0          0          0
      0.85          0          0          0
      0.86          0          0          0
      0.87          0          0          0
      0.88          0          0          0
      0.89          0          0          0
       0.9          0          0          0
      0.91          0          0          0
      0.92          0          0          0
      0.93          0          0          0
      0.94          0          0          0
      0.95          0          0          0
      0.96          0          0          0
      0.97          0          0          0
      0.98          0          0          0
      0.99          0          0          0
