         0          1   0.216663    0.35616
      0.01   0.996649   0.699326   0.821926
      0.02   0.996513   0.699507   0.822004
      0.03   0.996467   0.701245   0.823188
      0.04   0.996467   0.708855   0.828408
      0.05   0.996467   0.715204   0.832727
      0.06   0.995833   0.722855   0.837666
      0.07   0.993614   0.729808   0.841521
      0.08    0.98981   0.738795   0.846077
      0.09   0.987998   0.742853   0.848065
       0.1   0.986866   0.751066   0.852969
      0.11   0.983696   0.763278   0.859581
      0.12   0.982065   0.768069   0.861984
      0.13   0.978804   0.780929   0.868741
      0.14   0.976947   0.789616   0.873349
      0.15   0.973641   0.802867   0.880046
      0.16   0.972237   0.810586   0.884083
      0.17   0.970788   0.821878   0.890148
      0.18   0.969701   0.831036    0.89503
      0.19    0.96712    0.84467   0.901757
       0.2   0.965897   0.853209   0.906063
      0.21   0.963587   0.869425   0.914088
      0.22   0.961368   0.889309   0.923935
      0.23   0.959647    0.90193   0.929893
      0.24   0.957563   0.913701   0.935118
      0.25   0.955797   0.922256   0.938727
      0.26   0.950453    0.93162   0.940942
      0.27    0.94221   0.940479   0.941344
      0.28    0.94067   0.951996   0.946299
      0.29   0.939764   0.958802   0.949188
       0.3   0.937047   0.965211    0.95092
      0.31   0.933333   0.971888    0.95222
      0.32   0.926721   0.974973   0.950235
      0.33   0.924411   0.978086   0.950491
      0.34   0.919837   0.981721   0.949772
      0.35   0.913587   0.984527   0.947731
      0.36   0.909511   0.985507   0.945985
      0.37   0.901132   0.987625   0.942398
      0.38   0.891259   0.989234   0.937694
      0.39   0.884239   0.991137   0.934641
       0.4   0.869656   0.993775   0.927582
      0.41   0.859601   0.996484   0.922996
      0.42   0.841984   0.997679   0.913243
      0.43   0.822509   0.999322   0.902336
      0.44   0.796966          1   0.887013
      0.45   0.788587          1   0.881799
      0.46   0.775362          1   0.873469
      0.47   0.765172          1   0.866966
      0.48   0.752129          1   0.858531
      0.49   0.746603          1    0.85492
       0.5   0.727627          1   0.842343
      0.51   0.717754          1   0.835689
      0.52   0.711141          1   0.831189
      0.53   0.690082          1   0.816625
      0.54   0.673324          1   0.804774
      0.55   0.659692          1   0.794957
      0.56   0.644429          1   0.783773
      0.57   0.620879          1   0.766101
      0.58   0.605208          1   0.754056
      0.59    0.58596          1   0.738934
       0.6   0.569203          1   0.725468
      0.61   0.549457          1   0.709225
      0.62   0.521467          1    0.68548
      0.63   0.512319          1   0.677528
      0.64    0.48125          1   0.649789
      0.65   0.467618          1   0.637247
      0.66   0.445471          1   0.616368
      0.67    0.42808          1   0.599518
      0.68   0.401812          1   0.573275
      0.69   0.388995          1    0.56011
       0.7   0.352491          1   0.521247
      0.71    0.32346          1    0.48881
      0.72   0.290036          1   0.449656
      0.73   0.255571          1   0.407099
      0.74   0.218025          1   0.357998
      0.75   0.166395          1   0.285315
      0.76   0.133016          1     0.2348
      0.77  0.0964221          1   0.175885
      0.78  0.0832428          1   0.153692
      0.79  0.0583786          1   0.110317
       0.8  0.0424819          1  0.0815014
      0.81  0.0349638          1  0.0675652
      0.82  0.0298007          1  0.0578767
      0.83  0.0266304          1  0.0518793
      0.84  0.0238678          1  0.0466227
      0.85  0.0231431          1  0.0452393
      0.86 0.00552536          1    0.01099
      0.87          0          0          0
      0.88          0          0          0
      0.89          0          0          0
       0.9          0          0          0
      0.91          0          0          0
      0.92          0          0          0
      0.93          0          0          0
      0.94          0          0          0
      0.95          0          0          0
      0.96          0          0          0
      0.97          0          0          0
      0.98          0          0          0
      0.99          0          0          0
