         0          1   0.205491   0.340925
      0.01   0.952337   0.300559   0.456915
      0.02   0.952337   0.301781   0.458326
      0.03   0.952004   0.305274   0.462303
      0.04   0.951421   0.315886   0.474298
      0.05   0.948671   0.326776   0.486108
      0.06   0.937339   0.348903   0.508521
      0.07   0.927173   0.367638   0.526507
      0.08   0.907091   0.402795   0.557868
      0.09   0.881177   0.428445   0.576557
       0.1    0.84168   0.473467   0.606027
      0.11   0.798933   0.521963    0.63141
      0.12   0.772352   0.552709   0.644326
      0.13   0.729523   0.612454   0.665882
      0.14   0.690442   0.652941   0.671168
      0.15   0.653029    0.70228   0.676759
      0.16   0.632864   0.733998   0.679689
      0.17   0.601783   0.767191   0.674494
      0.18   0.586284      0.791   0.673428
      0.19   0.553371   0.824885   0.662384
       0.2   0.540955   0.850473   0.661288
      0.21   0.513207   0.874449   0.646808
      0.22   0.476127   0.906713   0.624383
      0.23   0.452212   0.921663   0.606733
      0.24   0.409049    0.93418   0.568966
      0.25   0.377635   0.940492    0.53889
      0.26   0.337055   0.954331   0.498166
      0.27   0.305725   0.954145   0.463073
      0.28   0.266144   0.964361   0.417161
      0.29   0.250062   0.976359   0.398152
       0.3   0.213899   0.982709   0.351327
      0.31   0.174985   0.992188   0.297502
      0.32   0.148988          1   0.259337
      0.33   0.115407          1   0.206933
      0.34  0.0984918          1   0.179322
      0.35   0.071994          1   0.134318
      0.36  0.0659112          1   0.123671
      0.37  0.0576619          1   0.109036
      0.38  0.0562453          1     0.1065
      0.39  0.0544121          1   0.103208
       0.4  0.0543288          1   0.103059
      0.41   0.052579          1   0.099905
      0.42  0.0494959          1  0.0943231
      0.43  0.0488293          1  0.0931119
      0.44  0.0459962          1  0.0879471
      0.45    0.04033          1   0.077533
      0.46  0.0402466          1   0.077379
      0.47  0.0384968          1  0.0741395
      0.48  0.0325806          1  0.0631052
      0.49  0.0264145          1  0.0514694
       0.5  0.0264145          1  0.0514694
      0.51  0.0264145          1  0.0514694
      0.52  0.0251646          1  0.0490937
      0.53  0.0246646          1  0.0481418
      0.54  0.0246646          1  0.0481418
      0.55  0.0246646          1  0.0481418
      0.56   0.024248          1  0.0473479
      0.57  0.0232481          1  0.0454397
      0.58  0.0232481          1  0.0454397
      0.59  0.0215815          1  0.0422512
       0.6  0.0215815          1  0.0422512
      0.61  0.0212482          1  0.0416123
      0.62  0.0212482          1  0.0416123
      0.63  0.0207483          1  0.0406531
      0.64   0.020415          1  0.0400131
      0.65   0.020415          1  0.0400131
      0.66   0.019915          1  0.0390523
      0.67  0.0195817          1  0.0384112
      0.68  0.0195817          1  0.0384112
      0.69  0.0193317          1  0.0379302
       0.7  0.0189151          1  0.0371279
      0.71  0.0189151          1  0.0371279
      0.72  0.0189151          1  0.0371279
      0.73  0.0178318          1  0.0350389
      0.74  0.0176652          1  0.0347171
      0.75  0.0159153          1   0.031332
      0.76  0.0144988          1  0.0285832
      0.77  0.0139988          1  0.0276111
      0.78  0.0134155          1  0.0264759
      0.79  0.0131656          1   0.025989
       0.8  0.0125823          1  0.0248519
      0.81  0.0091659          1  0.0181653
      0.82 0.00741605          1  0.0147229
      0.83 0.00691609          1  0.0137372
      0.84 0.00691609          1  0.0137372
      0.85 0.00666611          1  0.0132439
      0.86  0.0047496          1  0.0094543
      0.87 0.00224981          1 0.00448952
      0.88          0          0          0
      0.89          0          0          0
       0.9          0          0          0
      0.91          0          0          0
      0.92          0          0          0
      0.93          0          0          0
      0.94          0          0          0
      0.95          0          0          0
      0.96          0          0          0
      0.97          0          0          0
      0.98          0          0          0
      0.99          0          0          0
