         0          1   0.214804   0.353644
      0.01   0.949466   0.467863   0.626841
      0.02     0.9476   0.505256   0.659089
      0.03   0.944465   0.537398   0.685021
      0.04   0.929238   0.592002    0.72324
      0.05   0.907517   0.623989   0.739508
      0.06   0.892364   0.673739   0.767791
      0.07   0.873255    0.69664   0.775013
      0.08   0.854818   0.724116   0.784058
      0.09   0.836232   0.735958   0.782897
       0.1    0.81257   0.753337   0.781833
      0.11   0.794432   0.773566    0.78386
      0.12   0.784131   0.781662   0.782894
      0.13   0.758379   0.797505    0.77745
      0.14   0.746137   0.804944   0.774426
      0.15   0.724789   0.806586   0.763503
      0.16   0.708666   0.808419   0.755263
      0.17   0.681048     0.8104   0.740115
      0.18   0.665522   0.814993   0.732712
      0.19   0.637829   0.820961     0.7179
       0.2    0.62193   0.828383   0.710462
      0.21   0.601403   0.835088   0.699238
      0.22   0.577517   0.844278   0.685872
      0.23    0.55699   0.846869   0.672002
      0.24   0.530343   0.849215   0.652926
      0.25   0.508024   0.847098    0.63514
      0.26   0.476749    0.85114   0.611165
      0.27   0.457864   0.853827    0.59608
      0.28   0.437561   0.859707   0.579948
      0.29   0.422856   0.860385   0.567031
       0.3   0.407554    0.86595   0.554252
      0.31    0.39897   0.867217   0.546512
      0.32   0.394715       0.87   0.543051
      0.33   0.380085   0.872874   0.529573
      0.34    0.37374   0.875104   0.523783
      0.35   0.364261   0.886544    0.51636
      0.36   0.343062     0.8901   0.495246
      0.37   0.337613   0.894986   0.490279
      0.38   0.331268   0.898833   0.484114
      0.39   0.324177   0.903749   0.477186
       0.4    0.32037   0.907757   0.473596
      0.41   0.314473   0.918322   0.468509
      0.42   0.305143   0.923709   0.458742
      0.43   0.299246   0.925121   0.452215
      0.44   0.289841   0.926829   0.441587
      0.45   0.284765   0.928571   0.435864
      0.46   0.276331   0.927143   0.425764
      0.47   0.267672   0.926426    0.41534
      0.48   0.253863   0.927869   0.398655
      0.49   0.239979   0.923611   0.380972
       0.5   0.225797   0.923364   0.362861
      0.51   0.210122   0.920892    0.34217
      0.52   0.202732   0.920601   0.332288
      0.53   0.185489   0.914842   0.308441
      0.54   0.173098   0.911227   0.290931
      0.55    0.15705   0.905045   0.267655
      0.56   0.137568   0.896774   0.238543
      0.57   0.129432   0.895973   0.226189
      0.58   0.126148   0.903448   0.221384
      0.59   0.125028   0.907801   0.219786
       0.6    0.12458   0.916058   0.219332
      0.61   0.122266   0.930233   0.216126
      0.62   0.119131   0.931174   0.211237
      0.63    0.11831   0.941423   0.210204
      0.64   0.116145   0.954545   0.207093
      0.65   0.114055   0.951923   0.203704
      0.66    0.11107   0.956989   0.199039
      0.67   0.107114   0.959538   0.192714
      0.68  0.0944241   0.963768   0.171997
      0.69  0.0887512   0.968504   0.162602
       0.7  0.0755393   0.963303   0.140093
      0.71  0.0662835          1   0.124326
      0.72  0.0578488          1   0.109371
      0.73  0.0511309          1  0.0972873
      0.74  0.0468015          1  0.0894181
      0.75  0.0341868          1  0.0661133
      0.76    0.03247          1  0.0628976
      0.77  0.0278421          1  0.0541757
      0.78  0.0240352          1  0.0469422
      0.79  0.0229902          1  0.0449471
       0.8  0.0145555          1  0.0286933
      0.81  0.0141076          1  0.0278228
      0.82  0.0127641          1  0.0252064
      0.83  0.0123162          1  0.0243327
      0.84 0.00888259          1  0.0176088
      0.85 0.00806151          1  0.0159941
      0.86 0.00612077          1  0.0121671
      0.87 0.00612077          1  0.0121671
      0.88 0.00567291          1  0.0112818
      0.89 0.00350825          1 0.00699197
       0.9          0          0          0
      0.91          0          0          0
      0.92          0          0          0
      0.93          0          0          0
      0.94          0          0          0
      0.95          0          0          0
      0.96          0          0          0
      0.97          0          0          0
      0.98          0          0          0
      0.99          0          0          0
