         0          1   0.406617   0.578148
      0.01   0.877834   0.588204   0.704409
      0.02   0.877715   0.589355   0.705196
      0.03   0.877557   0.593495   0.708099
      0.04   0.874623   0.603912   0.714485
      0.05   0.869153   0.614068   0.719676
      0.06   0.853496   0.629661   0.724688
      0.07    0.83661   0.638488   0.724244
      0.08   0.807753   0.651832   0.721464
      0.09   0.777588   0.658841   0.713307
       0.1   0.737514   0.664845   0.699297
      0.11   0.698232   0.672385   0.685065
      0.12   0.673696   0.682511   0.678075
      0.13   0.630569   0.690974   0.659391
      0.14   0.603575   0.698692    0.64766
      0.15   0.565641   0.708766   0.629167
      0.16   0.543325   0.711851   0.616274
      0.17   0.507214   0.724835   0.596805
      0.18   0.485215   0.732227   0.583662
      0.19   0.450016   0.742873   0.560496
       0.2   0.427263   0.745497   0.543203
      0.21   0.392699   0.748532   0.515141
      0.22   0.363168   0.750646   0.489508
      0.23   0.341208   0.756833    0.47036
      0.24    0.31251   0.765162   0.443773
      0.25   0.297091   0.766947   0.428279
      0.26   0.275963   0.778776    0.40752
      0.27   0.253092   0.783801   0.382631
      0.28   0.228793   0.800144   0.355838
      0.29   0.217814   0.812054   0.343493
       0.3   0.191256   0.827397   0.310694
      0.31   0.179325   0.850622   0.296205
      0.32   0.163667   0.870478    0.27553
      0.33   0.147376    0.87984   0.252463
      0.34   0.139329   0.887427   0.240845
      0.35   0.127596   0.888889   0.223159
      0.36   0.118915   0.889098   0.209774
      0.37  0.0933487    0.89038   0.168981
      0.38   0.089583    0.90709   0.163062
      0.39  0.0822102   0.909091   0.150785
       0.4  0.0762645   0.921384   0.140869
      0.41  0.0678611   0.958801   0.126751
      0.42  0.0607262   0.978261   0.114354
      0.43  0.0564056   0.976636   0.106652
      0.44  0.0479626   0.974093  0.0914236
      0.45  0.0461788   0.972222  0.0881698
      0.46  0.0427699   0.967532  0.0819186
      0.47  0.0395989   0.964029  0.0760729
      0.48  0.0336531   0.972973   0.065056
      0.49  0.0321468   0.971154  0.0622336
       0.5  0.0269542          1  0.0524934
      0.51  0.0246551          1  0.0481238
      0.52  0.0232678          1  0.0454774
      0.53  0.0171635          1  0.0337477
      0.54  0.0166482          1  0.0327511
      0.55  0.0136356          1  0.0269044
      0.56  0.0122879          1  0.0242775
      0.57 0.00860155          1  0.0170564
      0.58 0.00820517          1  0.0162768
      0.59 0.00626288          1  0.0124478
       0.6 0.00384493          1 0.00766041
      0.61 0.00356746          1 0.00710957
      0.62 0.00305216          1 0.00608575
      0.63 0.00285397          1  0.0056917
      0.64  0.0020612          1 0.00411392
      0.65          0          0          0
      0.66          0          0          0
      0.67          0          0          0
      0.68          0          0          0
      0.69          0          0          0
       0.7          0          0          0
      0.71          0          0          0
      0.72          0          0          0
      0.73          0          0          0
      0.74          0          0          0
      0.75          0          0          0
      0.76          0          0          0
      0.77          0          0          0
      0.78          0          0          0
      0.79          0          0          0
       0.8          0          0          0
      0.81          0          0          0
      0.82          0          0          0
      0.83          0          0          0
      0.84          0          0          0
      0.85          0          0          0
      0.86          0          0          0
      0.87          0          0          0
      0.88          0          0          0
      0.89          0          0          0
       0.9          0          0          0
      0.91          0          0          0
      0.92          0          0          0
      0.93          0          0          0
      0.94          0          0          0
      0.95          0          0          0
      0.96          0          0          0
      0.97          0          0          0
      0.98          0          0          0
      0.99          0          0          0
