         0          1   0.364376   0.534128
      0.01   0.957472   0.398995   0.563267
      0.02   0.957472   0.399339    0.56361
      0.03   0.957472   0.399816   0.564084
      0.04   0.957213   0.401451   0.565665
      0.05   0.956902   0.403647   0.567786
      0.06   0.955815   0.407625   0.571517
      0.07   0.953484   0.411684   0.575071
      0.08   0.948873   0.419812   0.582089
      0.09   0.942347   0.424681   0.585499
       0.1   0.927169   0.435525   0.592657
      0.11   0.917068   0.450224   0.603947
      0.12   0.906087   0.461058    0.61114
      0.13   0.887542   0.477886   0.621262
      0.14   0.873142   0.486918   0.625191
      0.15   0.844289   0.502855   0.630304
      0.16   0.826314   0.514466   0.634124
      0.17   0.800518   0.532006   0.639209
      0.18   0.781507   0.542607   0.640505
      0.19   0.748304   0.558075   0.639339
       0.2   0.729811   0.567445   0.638467
      0.21   0.704533   0.581564    0.63717
      0.22   0.670241   0.593336   0.629448
      0.23    0.65584   0.602502   0.628041
      0.24   0.631443   0.610864   0.620983
      0.25   0.604144   0.615579   0.609808
      0.26   0.566434   0.624698   0.594141
      0.27   0.546853   0.634672   0.587499
      0.28   0.516239   0.649375   0.575204
      0.29   0.489718   0.656517   0.560981
       0.3   0.459311   0.670096   0.545034
      0.31   0.434758   0.681711   0.530922
      0.32   0.418648   0.690853   0.521359
      0.33   0.398498   0.702147   0.508437
      0.34   0.390987   0.710099   0.504301
      0.35   0.369852   0.722145   0.489172
      0.36   0.358819   0.726637   0.480409
      0.37   0.342347    0.73748   0.467619
      0.38    0.33266   0.742625    0.45949
      0.39   0.313598   0.751501    0.44253
       0.4   0.301632   0.753152   0.430751
      0.41   0.286299   0.766193    0.41684
      0.42    0.26993   0.771347   0.399912
      0.43   0.259881   0.778986   0.389739
      0.44   0.243771   0.785903   0.372118
      0.45   0.238073   0.793728   0.366282
      0.46   0.230666   0.811881   0.359261
      0.47   0.223932   0.815471   0.351374
      0.48   0.206579   0.818182    0.32987
      0.49   0.196633    0.82479   0.317559
       0.5   0.186532   0.831461   0.304706
      0.51   0.177571   0.840449   0.293195
      0.52   0.172028   0.844233   0.285816
      0.53   0.158974   0.856579   0.268177
      0.54   0.148925   0.857546   0.253778
      0.55   0.140534   0.861751   0.241658
      0.56   0.132919   0.864379   0.230407
      0.57    0.12489   0.864621   0.218254
      0.58   0.121057   0.873346   0.212639
      0.59   0.110956   0.878914   0.197037
       0.6   0.105465   0.885845   0.188489
      0.61  0.0947423   0.894872   0.171344
      0.62  0.0896141   0.903047   0.163048
      0.63  0.0845895   0.903323   0.154693
      0.64  0.0784771   0.918644   0.144601
      0.65  0.0752655   0.919708   0.139144
      0.66  0.0712769   0.941667   0.132523
      0.67  0.0665113   0.953488   0.124349
      0.68  0.0612277   0.963731    0.11514
      0.69  0.0585341   0.988439   0.110523
       0.7  0.0508159          1  0.0967169
      0.71  0.0465682          1  0.0889923
      0.72  0.0430976          1   0.082634
      0.73   0.037555          1  0.0723914
      0.74  0.0317016          1   0.061455
      0.75  0.0257446          1  0.0501969
      0.76   0.022533          1  0.0440729
      0.77   0.019166          1  0.0376112
      0.78  0.0109816          1  0.0217247
      0.79 0.00994561          1  0.0196953
       0.8 0.00994561          1  0.0196953
      0.81 0.00709661          1  0.0140932
      0.82 0.00694121          1  0.0137867
      0.83 0.00631961          1  0.0125598
      0.84 0.00543901          1  0.0108192
      0.85  0.0043512          1 0.00866471
      0.86    0.00259          1 0.00516662
      0.87  0.0013468          1 0.00268998
      0.88          0          0          0
      0.89          0          0          0
       0.9          0          0          0
      0.91          0          0          0
      0.92          0          0          0
      0.93          0          0          0
      0.94          0          0          0
      0.95          0          0          0
      0.96          0          0          0
      0.97          0          0          0
      0.98          0          0          0
      0.99          0          0          0
