         0          1   0.374026   0.544424
      0.01   0.745755   0.334585   0.461926
      0.02   0.745755   0.334808   0.462138
      0.03   0.745755    0.33515   0.462464
      0.04   0.745755   0.336773   0.464007
      0.05   0.745635   0.338668   0.465778
      0.06   0.745576   0.341978   0.468888
      0.07   0.745278    0.34567   0.472287
      0.08   0.744146   0.352033   0.477958
      0.09   0.742716   0.356889   0.482113
       0.1   0.739141   0.365248   0.488904
      0.11   0.731037   0.375138   0.495835
      0.12   0.728237   0.382097   0.501213
      0.13   0.722755   0.393238   0.509348
      0.14   0.717214   0.399706   0.513331
      0.15   0.710123   0.408738   0.518839
      0.16   0.700709   0.414822   0.521132
      0.17   0.683608   0.424366   0.523659
      0.18   0.671036    0.42939   0.523681
      0.19   0.660728   0.442023   0.529688
       0.2   0.652625   0.449765    0.53253
      0.21   0.630936   0.458962   0.531381
      0.22   0.611214   0.469395   0.530998
      0.23   0.598522    0.47734   0.531106
      0.24   0.570458   0.486627   0.525218
      0.25   0.555801   0.494404   0.523307
      0.26   0.529405   0.509167   0.519088
      0.27   0.508848   0.513514    0.51117
      0.28   0.478162   0.526296   0.501076
      0.29   0.454508   0.532802    0.49055
       0.3   0.426026   0.546784    0.47891
      0.31   0.397903   0.560833   0.465523
      0.32   0.380504   0.568126   0.455761
      0.33   0.352678   0.585404   0.440173
      0.34   0.334326   0.599862   0.429356
      0.35   0.300066   0.616627   0.403687
      0.36   0.279449   0.629468   0.387064
      0.37   0.254543   0.644888   0.365013
      0.38   0.240243   0.657736   0.351938
      0.39   0.219865   0.678753   0.332142
       0.4   0.206995   0.692199   0.318689
      0.41   0.178752   0.712846    0.28583
      0.42    0.16469   0.751731   0.270188
      0.43   0.158077   0.769978   0.262303
      0.44   0.146339    0.79067   0.246968
      0.45   0.135792   0.803689    0.23233
      0.46    0.12757   0.821114   0.220831
      0.47   0.121194   0.837539   0.211748
      0.48   0.110707   0.853403    0.19599
      0.49   0.106238   0.868914   0.189329
       0.5  0.0995055   0.902041   0.179239
      0.51  0.0936066    0.93018   0.170096
      0.52  0.0914616   0.941176   0.166722
      0.53  0.0894357     0.9625   0.163664
      0.54  0.0830007   0.978836   0.153025
      0.55  0.0760293   0.988889   0.141202
      0.56   0.074778   0.991429   0.139067
      0.57  0.0715009   0.993902   0.133405
      0.58  0.0699517   0.996865    0.13073
      0.59  0.0695942   0.996815   0.130105
       0.6  0.0687601     0.9967   0.128645
      0.61  0.0669725          1   0.125537
      0.62  0.0633379          1    0.11913
      0.63  0.0594649          1   0.112255
      0.64  0.0544003          1   0.103187
      0.65  0.0539832          1   0.102437
      0.66  0.0504082          1  0.0959782
      0.67   0.049574          1  0.0944649
      0.68  0.0467139          1  0.0892583
      0.69  0.0419472          1   0.080517
       0.7  0.0390276          1  0.0751233
      0.71  0.0328308          1  0.0635745
      0.72  0.0286004          1  0.0556103
      0.73   0.023059          1  0.0450786
      0.74  0.0176965          1  0.0347775
      0.75   0.014896          1  0.0293548
      0.76  0.0121552          1  0.0240184
      0.77  0.0110231          1  0.0218058
      0.78 0.00947387          1  0.0187699
      0.79 0.00655425          1  0.0130231
       0.8 0.00625633          1  0.0124349
      0.81 0.00387297          1 0.00771605
      0.82 0.00172794          1 0.00344992
      0.83          0          0          0
      0.84          0          0          0
      0.85          0          0          0
      0.86          0          0          0
      0.87          0          0          0
      0.88          0          0          0
      0.89          0          0          0
       0.9          0          0          0
      0.91          0          0          0
      0.92          0          0          0
      0.93          0          0          0
      0.94          0          0          0
      0.95          0          0          0
      0.96          0          0          0
      0.97          0          0          0
      0.98          0          0          0
      0.99          0          0          0
