         0          1   0.176767   0.300428
      0.01   0.973986   0.244439     0.3908
      0.02   0.973986   0.245028   0.391552
      0.03   0.973986   0.246074   0.392887
      0.04   0.973897   0.249223   0.396882
      0.05   0.973897   0.252665   0.401235
      0.06   0.973897   0.260218     0.4107
      0.07   0.973629   0.266433   0.418377
      0.08   0.972558   0.277704   0.432043
      0.09   0.972246   0.286292   0.442333
       0.1   0.971264   0.300615   0.459126
      0.11   0.970104   0.314207   0.474673
      0.12   0.969836    0.32417   0.485921
      0.13   0.966624   0.340508   0.503611
      0.14   0.966177   0.351916   0.515916
      0.15   0.964928   0.367856   0.532651
      0.16   0.958101   0.378292   0.542418
      0.17   0.927223   0.390779   0.549831
      0.18   0.911651   0.401545   0.557523
      0.19   0.884164   0.419427   0.568955
       0.2   0.868324   0.432507   0.577409
      0.21   0.860783   0.448512    0.58974
      0.22   0.858864   0.467694   0.605606
      0.23   0.856053   0.479928   0.615045
      0.24   0.843068   0.494171   0.623104
      0.25   0.835304   0.506805   0.630852
      0.26   0.828343   0.525767    0.64325
      0.27   0.819151   0.541818   0.652228
      0.28   0.802418   0.564701   0.662892
      0.29   0.794878   0.578118   0.669387
       0.3   0.783455   0.597816    0.67816
      0.31     0.7752   0.618716   0.688174
      0.32   0.773326    0.63116   0.695048
      0.33   0.770158   0.652711   0.706587
      0.34   0.768819   0.665471   0.713421
      0.35   0.765829   0.686127   0.723791
      0.36   0.760207   0.696195   0.726794
      0.37   0.758467   0.712661   0.734851
      0.38   0.756682   0.725694   0.740864
      0.39   0.751952    0.74097   0.746421
       0.4    0.75039   0.753502   0.751943
      0.41   0.745393   0.763393   0.754286
      0.42   0.743965   0.777857   0.760533
      0.43    0.74102   0.790276   0.764856
      0.44   0.739146   0.803812   0.770124
      0.45   0.737361    0.81398   0.773779
      0.46   0.731783   0.823576   0.774971
      0.47   0.729686   0.831174   0.777131
      0.48    0.72576   0.842127   0.779625
      0.49   0.723886   0.849444   0.781655
       0.5   0.722681   0.860526   0.785603
      0.51   0.714828   0.871667   0.785495
      0.52   0.713266    0.87598   0.786293
      0.53    0.71099   0.883381   0.787866
      0.54   0.708893   0.888462   0.788584
      0.55   0.706885   0.896928   0.790647
      0.56   0.705234   0.902316   0.791694
      0.57   0.702155   0.907109   0.791581
      0.58   0.700281     0.9115   0.792051
      0.59   0.696042   0.919584   0.792348
       0.6   0.688412    0.92312   0.788674
      0.61   0.683682   0.931688   0.788647
      0.62   0.679399    0.93798   0.788019
      0.63   0.678149    0.94351   0.789118
      0.64   0.666191   0.951995   0.783853
      0.65   0.664227   0.956384   0.783971
      0.66   0.662175   0.964867   0.785365
      0.67   0.659676   0.974751   0.786844
      0.68   0.655437   0.982253   0.786235
      0.69   0.653161   0.984754   0.785393
       0.7   0.642631   0.988571   0.778918
      0.71   0.633484   0.991183   0.772956
      0.72   0.625363   0.992459   0.767262
      0.73   0.610771   0.993725   0.756548
      0.74   0.600687   0.994327   0.748933
      0.75   0.579671   0.997427   0.733219
      0.76   0.565883   0.998206   0.722296
      0.77   0.539556          1   0.700925
      0.78   0.506849          1   0.672727
      0.79   0.441435          1   0.612494
       0.8   0.403195          1   0.574681
      0.81   0.332828          1   0.499431
      0.82   0.277185          1   0.434057
      0.83   0.249029          1   0.398757
      0.84   0.201285          1   0.335116
      0.85   0.175316          1    0.29833
      0.86   0.113828          1   0.204391
      0.87  0.0685378          1   0.128283
      0.88  0.0535005          1   0.101567
      0.89  0.0271295          1  0.0528259
       0.9 0.00504217          1  0.0100337
      0.91          0          0          0
      0.92          0          0          0
      0.93          0          0          0
      0.94          0          0          0
      0.95          0          0          0
      0.96          0          0          0
      0.97          0          0          0
      0.98          0          0          0
      0.99          0          0          0
