         0          1   0.361785    0.53134
      0.01   0.965003   0.382162   0.547502
      0.02   0.965003   0.382411   0.547758
      0.03   0.965003   0.382805   0.548161
      0.04    0.96491    0.38533    0.55073
      0.05   0.964691   0.389185    0.55462
      0.06   0.964255   0.398033   0.563471
      0.07   0.963568   0.405272   0.570566
      0.08   0.960855    0.42099   0.585464
      0.09    0.95995   0.433341   0.597127
       0.1   0.956051   0.449175   0.611196
      0.11   0.948939   0.469118   0.627851
      0.12    0.94111   0.484173   0.639396
      0.13   0.928104   0.505613   0.654608
      0.14   0.919027   0.522932   0.666577
      0.15   0.899688   0.543065   0.677301
      0.16   0.885122    0.55818   0.684621
      0.17   0.855115   0.581309   0.692116
      0.18   0.838553   0.595378   0.696346
      0.19   0.803681   0.621135   0.700714
       0.2   0.784124   0.635548   0.702061
      0.21   0.743886   0.659918   0.699391
      0.22   0.697692   0.684479   0.691022
      0.23   0.668871    0.70177   0.684926
      0.24   0.636837   0.730373   0.680406
      0.25   0.612009   0.747716    0.67309
      0.26   0.579694   0.771644   0.662036
      0.27   0.561728   0.785172   0.654916
      0.28   0.541672   0.808302   0.648656
      0.29   0.528509   0.817821    0.64208
       0.3   0.500811   0.826015   0.623559
      0.31   0.476513   0.843761    0.60906
      0.32   0.464535   0.854264   0.601814
      0.33   0.441953   0.871806   0.586557
      0.34   0.427636   0.882166   0.576035
      0.35   0.409357   0.900741   0.562897
      0.36   0.401279   0.908527   0.556682
      0.37   0.382408   0.919508   0.540169
      0.38   0.371803    0.92937   0.531125
      0.39   0.351123   0.941919   0.511552
       0.4   0.337274   0.948276   0.497575
      0.41   0.321834   0.956184   0.481578
      0.42   0.311354   0.962519   0.470508
      0.43   0.305053   0.965759   0.463653
      0.44   0.291547   0.974231    0.44879
      0.45   0.283718   0.976542   0.439691
      0.46   0.268653   0.978644   0.421576
      0.47   0.260543   0.979671   0.411616
      0.48   0.249938   0.988589   0.398999
      0.49   0.241298   0.991314   0.388122
       0.5   0.229881   0.994299   0.373427
      0.51    0.21753    0.99639   0.357098
      0.52   0.210667   0.997509   0.347868
      0.53   0.203805   0.997403   0.338453
      0.54   0.198347   0.998665   0.330961
      0.55   0.194167          1   0.325193
      0.56    0.19058          1   0.320147
      0.57   0.181847          1   0.307733
      0.58   0.178384          1   0.302761
      0.59   0.170961          1   0.292001
       0.6   0.168091          1   0.287805
      0.61    0.16335          1   0.280827
      0.62   0.161666          1   0.278334
      0.63   0.158952          1   0.274303
      0.64   0.150343          1   0.261388
      0.65   0.149657          1   0.260351
      0.66   0.142265          1   0.249092
      0.67   0.141329          1   0.247657
      0.68   0.137056          1   0.241071
      0.69   0.132813          1   0.234484
       0.7   0.126419          1   0.224462
      0.71   0.122396          1   0.218097
      0.72   0.119183          1   0.212982
      0.73   0.116157          1   0.208138
      0.74   0.114255          1   0.205078
      0.75   0.110979          1   0.199787
      0.76   0.103119          1   0.186959
      0.77  0.0987835          1   0.179805
      0.78  0.0965689          1   0.176129
      0.79   0.094136          1   0.172074
       0.8  0.0908609          1   0.166586
      0.81  0.0852776          1   0.157154
      0.82  0.0787586          1   0.146017
      0.83  0.0746413          1   0.138914
      0.84  0.0651591          1   0.122346
      0.85  0.0618216          1   0.116444
      0.86  0.0542732          1   0.102959
      0.87  0.0469744          1  0.0897337
      0.88  0.0383968          1  0.0739539
      0.89  0.0328447          1  0.0636004
       0.9  0.0195571          1  0.0383639
      0.91  0.0123206          1  0.0243414
      0.92  0.0104803          1  0.0207433
      0.93 0.00605115          1  0.0120295
      0.94 0.00417966          1 0.00832453
      0.95  0.0036806          1  0.0073342
      0.96 0.00265128          1 0.00528854
      0.97          0          0          0
      0.98          0          0          0
      0.99          0          0          0
