         0          1   0.298178   0.459379
      0.01    0.93572   0.299674   0.453962
      0.02    0.93572   0.300318     0.4547
      0.03    0.93572   0.301733   0.456321
      0.04   0.935614   0.307159   0.462485
      0.05   0.935349   0.313707   0.469835
      0.06   0.934129   0.327438   0.484904
      0.07   0.933174   0.339282   0.497635
      0.08   0.929992   0.362234   0.521387
      0.09   0.925537    0.38131   0.540104
       0.1   0.921082   0.412161   0.569489
      0.11   0.909997   0.442479   0.595433
      0.12   0.897481   0.461351   0.609426
      0.13   0.875895   0.488906   0.627535
      0.14   0.852983   0.509386   0.637856
      0.15   0.824662   0.537134   0.650544
      0.16   0.796447   0.554493   0.653803
      0.17   0.769928   0.574961   0.658312
      0.18   0.749775   0.587439   0.658753
      0.19   0.705861   0.606532   0.652437
       0.2   0.671599   0.616468   0.642853
      0.21   0.632883   0.630846   0.631863
      0.22   0.608274   0.647377   0.627216
      0.23   0.588544   0.657799   0.621247
      0.24   0.568709   0.676951   0.618127
      0.25     0.5476   0.692234   0.611481
      0.26   0.518589   0.703546   0.597072
      0.27   0.492973   0.716418   0.584054
      0.28   0.469265   0.733039   0.572218
      0.29   0.447892   0.741014   0.558319
       0.3   0.418085   0.761993   0.539927
      0.31   0.392628   0.777265   0.521716
      0.32   0.378679   0.785682   0.511047
      0.33   0.360647    0.79908   0.496989
      0.34   0.348343   0.807135   0.486655
      0.35   0.324901    0.81519   0.464622
      0.36   0.305861   0.813859   0.444624
      0.37   0.294511   0.828239   0.434514
      0.38   0.290427   0.836858   0.431206
      0.39    0.28088    0.85551   0.422911
       0.4   0.271917   0.866319   0.413916
      0.41    0.26306    0.87666   0.404686
      0.42   0.250385   0.882845   0.390125
      0.43   0.244285   0.887514   0.383119
      0.44   0.230549   0.898496   0.366943
      0.45   0.225457   0.903694   0.360881
      0.46    0.21188   0.907738   0.343567
      0.47   0.203394      0.912    0.33261
      0.48    0.19581   0.926995   0.323324
      0.49   0.191885   0.932264   0.318264
       0.5    0.18865    0.94697   0.314623
      0.51   0.178361   0.950298    0.30035
      0.52   0.167171    0.95679   0.284613
      0.53   0.159586   0.967249    0.27397
      0.54   0.155556   0.973034    0.26823
      0.55   0.154919   0.979405   0.267522
      0.56   0.150252   0.983645   0.260684
      0.57   0.148024   0.985646   0.257393
      0.58   0.143994   0.990099   0.251422
      0.59   0.141289   0.994898   0.247438
       0.6   0.138425   0.997375   0.243109
      0.61   0.136622          1   0.240399
      0.62   0.131265          1   0.232068
      0.63   0.131106          1   0.231819
      0.64   0.127605          1    0.22633
      0.65   0.122938          1   0.218958
      0.66   0.120392          1   0.214911
      0.67   0.118854          1   0.212457
      0.68   0.113126          1   0.203259
      0.69   0.107823          1   0.194657
       0.7   0.101671          1   0.184575
      0.71  0.0900557          1   0.165231
      0.72  0.0857597          1   0.157972
      0.73  0.0798197          1   0.147839
      0.74   0.075842          1   0.140991
      0.75  0.0709096          1   0.132429
      0.76  0.0635906          1   0.119577
      0.77  0.0599311          1   0.113085
      0.78  0.0552108          1   0.104644
      0.79  0.0471493          1  0.0900527
       0.8  0.0358526          1  0.0692233
      0.81  0.0245028          1  0.0478335
      0.82   0.010289          1  0.0203685
      0.83 0.00371254          1 0.00739762
      0.84          0          0          0
      0.85          0          0          0
      0.86          0          0          0
      0.87          0          0          0
      0.88          0          0          0
      0.89          0          0          0
       0.9          0          0          0
      0.91          0          0          0
      0.92          0          0          0
      0.93          0          0          0
      0.94          0          0          0
      0.95          0          0          0
      0.96          0          0          0
      0.97          0          0          0
      0.98          0          0          0
      0.99          0          0          0
