         0          1    0.48887   0.656699
      0.01   0.930248   0.563053   0.701505
      0.02   0.930248   0.564713   0.702792
      0.03   0.930248   0.567535   0.704973
      0.04   0.930175   0.576404   0.711754
      0.05   0.929417   0.586193   0.718941
      0.06    0.92707    0.60725   0.733828
      0.07   0.925823   0.623304   0.745025
      0.08   0.920077   0.652579   0.763578
      0.09   0.913941   0.676387   0.777421
       0.1   0.900861   0.707958   0.792845
      0.11   0.885409   0.742051   0.807416
      0.12   0.876339   0.763455   0.816011
      0.13   0.863063   0.793755   0.826959
      0.14   0.856168   0.811783   0.833385
      0.15   0.842379   0.837075   0.839719
      0.16   0.831451   0.850571   0.840902
      0.17   0.813432   0.871837   0.841622
      0.18    0.79979   0.884417   0.839977
      0.19   0.773679   0.900043   0.832091
       0.2   0.756002   0.908761   0.825373
      0.21   0.722605   0.918601     0.8089
      0.22   0.696763   0.933031   0.797771
      0.23    0.67361   0.940972   0.785154
      0.24   0.637646   0.950212   0.763165
      0.25   0.614493   0.952144   0.746932
      0.26   0.576524    0.95976   0.720342
      0.27   0.554667   0.961569    0.70352
      0.28   0.521539   0.968409   0.677961
      0.29   0.499047    0.96963   0.658948
       0.3   0.460735   0.972782   0.625308
      0.31   0.421251   0.975981   0.588496
      0.32   0.393061   0.978185   0.560784
      0.33   0.360251   0.979198    0.52672
      0.34    0.32705   0.978355   0.490225
      0.35   0.297516   0.977315   0.456165
      0.36   0.284632   0.976729   0.440806
      0.37    0.25099   0.975385   0.399245
      0.38   0.225026    0.97561   0.365702
      0.39   0.197374   0.972275   0.328136
       0.4   0.184905   0.972079   0.310709
      0.41   0.165322   0.973287   0.282636
      0.42   0.145323   0.970667   0.252798
      0.43   0.134468   0.969027   0.236164
      0.44   0.120923   0.966443   0.214951
      0.45   0.108161    0.96475   0.194514
      0.46  0.0961567   0.964989   0.174887
      0.47  0.0906557   0.963235   0.165715
      0.48  0.0749108   0.957627   0.138952
      0.49  0.0680896   0.962848   0.127185
       0.5  0.0594347   0.964413   0.111969
      0.51  0.0535426    0.97541   0.101513
      0.52  0.0498264   0.991111  0.0948828
      0.53  0.0480417          1  0.0916789
      0.54  0.0467459          1  0.0893166
      0.55  0.0442766          1  0.0847985
      0.56  0.0412449          1  0.0792223
      0.57  0.0353528          1  0.0682913
      0.58  0.0327123          1  0.0633523
      0.59  0.0298518          1  0.0579731
       0.6  0.0275781          1  0.0536759
      0.61  0.0214659          1  0.0420297
      0.62  0.0186054          1  0.0365312
      0.63  0.0165029          1  0.0324699
      0.64  0.0155494          1  0.0306226
      0.65  0.0138869          1  0.0273933
      0.66   0.013569          1  0.0267747
      0.67  0.0114909          1  0.0227207
      0.68  0.0110508          1    0.02186
      0.69  0.0109775          1  0.0217165
       0.7  0.0108308          1  0.0214294
      0.71   0.010733          1   0.021238
      0.72   0.010733          1   0.021238
      0.73   0.010733          1   0.021238
      0.74 0.00995061          1  0.0197051
      0.75 0.00995061          1  0.0197051
      0.76 0.00985282          1  0.0195134
      0.77 0.00955943          1  0.0189378
      0.78 0.00882597          1  0.0174975
      0.79 0.00853259          1  0.0169208
       0.8 0.00853259          1  0.0169208
      0.81 0.00765244          1  0.0151886
      0.82 0.00765244          1  0.0151886
      0.83 0.00691898          1  0.0137429
      0.84 0.00674784          1  0.0134052
      0.85 0.00674784          1  0.0134052
      0.86 0.00598993          1  0.0119085
      0.87 0.00576989          1  0.0114736
      0.88 0.00488974          1 0.00973189
      0.89 0.00342282          1 0.00682228
       0.9 0.00322723          1 0.00643369
      0.91  0.0027627          1 0.00551018
      0.92  0.0027627          1 0.00551018
      0.93 0.00224928          1 0.00448846
      0.94          0          0          0
      0.95          0          0          0
      0.96          0          0          0
      0.97          0          0          0
      0.98          0          0          0
      0.99          0          0          0
