         0          1   0.242084   0.389803
      0.01   0.993664    0.25233   0.402459
      0.02   0.993485   0.252826   0.403076
      0.03   0.993366   0.253976   0.404525
      0.04   0.993306   0.260725   0.413035
      0.05   0.993246   0.270181   0.424807
      0.06   0.992828   0.289514   0.448301
      0.07   0.992409   0.306809   0.468713
      0.08   0.991274   0.338736   0.504928
      0.09   0.986791    0.36239   0.530104
       0.1   0.977706   0.402172   0.569915
      0.11   0.965692   0.446352   0.610518
      0.12   0.959955   0.478147   0.638341
      0.13   0.944773   0.522194   0.672619
      0.14   0.930548   0.548159   0.689911
      0.15   0.897137   0.580459   0.704863
      0.16     0.8807   0.600245   0.713917
      0.17   0.852549   0.630522   0.724916
      0.18   0.830853   0.649952   0.729353
      0.19   0.791465   0.672511   0.727155
       0.2   0.765346   0.687765   0.724484
      0.21   0.719204   0.713405   0.716293
      0.22    0.67617   0.737973   0.705721
      0.23    0.64497   0.752137   0.694443
      0.24   0.602773   0.769004   0.675817
      0.25   0.580599   0.780391    0.66583
      0.26   0.542167   0.795565   0.644867
      0.27   0.508517   0.802972   0.622689
      0.28   0.462375   0.814003   0.589754
      0.29    0.44558    0.81984   0.577365
       0.3   0.413783   0.830827   0.552433
      0.31    0.38868   0.841346   0.531719
      0.32   0.363816   0.849745   0.509493
      0.33   0.332975     0.8552   0.479323
      0.34    0.31355   0.863328   0.460024
      0.35   0.298607   0.873278   0.445039
      0.36   0.284502   0.883448     0.4304
      0.37   0.269201   0.896186   0.414033
      0.38    0.25653   0.909502   0.400185
      0.39   0.234774   0.924113   0.374424
       0.4   0.219234   0.933248   0.355059
      0.41   0.203813   0.949106   0.335566
      0.42   0.185105   0.955752   0.310144
      0.43     0.1814   0.958716   0.305076
      0.44   0.173152   0.966942   0.293708
      0.45    0.16849   0.968912   0.287061
      0.46   0.154324   0.973025   0.266397
      0.47   0.137649   0.973523   0.241194
      0.48   0.130058   0.975983   0.229529
      0.49   0.126113   0.983908    0.22357
       0.5   0.118044   0.982188   0.210759
      0.51    0.10609    0.98017   0.191458
      0.52   0.100114   0.980707   0.181681
      0.53  0.0879804   0.985019   0.161533
      0.54  0.0785368   0.982684   0.145449
      0.55  0.0662841   0.989691   0.124247
      0.56  0.0608451   0.994253   0.114673
      0.57  0.0476361          1  0.0909402
      0.58  0.0433327          1   0.083066
      0.59  0.0403443          1  0.0775595
       0.6   0.038611          1  0.0743512
      0.61  0.0332915          1  0.0644378
      0.62  0.0265376          1  0.0517031
      0.63   0.024087          1   0.047041
      0.64  0.0237882          1  0.0464709
      0.65  0.0234893          1  0.0459005
      0.66  0.0224135          1  0.0438443
      0.67  0.0196641          1  0.0385698
      0.68  0.0190066          1  0.0373042
      0.69  0.0152412          1  0.0300247
       0.7  0.0140458          1  0.0277025
      0.71 0.00782978          1  0.0155379
      0.72  0.0052597          1  0.0104644
      0.73   0.004662          1 0.00928074
      0.74   0.004662          1 0.00928074
      0.75   0.004662          1 0.00928074
      0.76  0.0044827          1 0.00892538
      0.77  0.0044827          1 0.00892538
      0.78 0.00436316          1 0.00868841
      0.79 0.00418385          1 0.00833284
       0.8 0.00418385          1 0.00833284
      0.81 0.00400454          1 0.00797714
      0.82 0.00376547          1 0.00750268
      0.83 0.00376547          1 0.00750268
      0.84 0.00346662          1 0.00690929
      0.85  0.0029287          1 0.00584029
      0.86 0.00125516          1 0.00250716
      0.87 0.00125516          1 0.00250716
      0.88          0          0          0
      0.89          0          0          0
       0.9          0          0          0
      0.91          0          0          0
      0.92          0          0          0
      0.93          0          0          0
      0.94          0          0          0
      0.95          0          0          0
      0.96          0          0          0
      0.97          0          0          0
      0.98          0          0          0
      0.99          0          0          0
