         0          1   0.319512   0.484288
      0.01   0.910963   0.300221   0.451608
      0.02   0.910963   0.300404   0.451816
      0.03   0.910963   0.300765   0.452223
      0.04    0.91068   0.301565   0.453092
      0.05   0.910256   0.302524   0.454121
      0.06   0.908982   0.303926   0.455539
      0.07   0.906575    0.30391   0.455218
      0.08   0.900913   0.304808   0.455504
      0.09   0.896171   0.305777   0.455974
       0.1   0.884988   0.307763   0.456703
      0.11   0.865949   0.310137   0.456706
      0.12   0.852785   0.311185   0.455981
      0.13   0.823201   0.313587   0.454166
      0.14   0.798712   0.314564   0.451364
      0.15   0.763465   0.317577   0.448565
      0.16   0.723406   0.315539   0.439412
      0.17   0.674428   0.316613   0.430926
      0.18   0.631963   0.316023   0.421345
      0.19   0.596433   0.318006   0.414832
       0.2   0.561257    0.31762   0.405669
      0.21   0.510581     0.3148   0.389471
      0.22   0.445891    0.31392   0.368444
      0.23   0.406964   0.308869   0.351195
      0.24   0.353882   0.308072   0.329392
      0.25   0.326775   0.308311   0.317274
      0.26   0.274683   0.303291   0.288279
      0.27   0.244462   0.301237   0.269896
      0.28   0.204332   0.309698   0.246216
      0.29   0.185151   0.311277   0.232192
       0.3   0.152594     0.3144   0.205465
      0.31   0.131927   0.319573   0.186757
      0.32   0.119471   0.323166   0.174449
      0.33   0.109703   0.337742   0.165613
      0.34   0.100503   0.339202   0.155062
      0.35  0.0758015   0.348397   0.124513
      0.36   0.069007   0.361204   0.115876
      0.37  0.0634864   0.385593   0.109023
      0.38  0.0536485   0.379808   0.094017
      0.39  0.0457216    0.39577  0.0819731
       0.4  0.0443768    0.40604  0.0800093
      0.41  0.0387855   0.398268  0.0706871
      0.42  0.0325572   0.397906  0.0601895
      0.43  0.0243471   0.395062  0.0458674
      0.44  0.0204544   0.372093  0.0387771
      0.45  0.0163494   0.345794  0.0312225
      0.46  0.0140845   0.352941   0.027088
      0.47  0.0100503   0.316456  0.0194818
      0.48 0.00559134   0.338462  0.0110009
      0.49 0.00523745   0.333333  0.0103129
       0.5 0.00474202       0.32 0.00934555
      0.51 0.00169863   0.285714 0.00337719
      0.52 0.00127398   0.272727  0.0025361
      0.53 0.000849317   0.153846 0.00168931
      0.54 0.000849317   0.153846 0.00168931
      0.55 0.000636988  0.0952381 0.00126551
      0.56 0.000566211     0.0625 0.00112226
      0.57          0          0          0
      0.58          0          0          0
      0.59          0          0          0
       0.6          0          0          0
      0.61          0          0          0
      0.62          0          0          0
      0.63          0          0          0
      0.64          0          0          0
      0.65          0          0          0
      0.66          0          0          0
      0.67          0          0          0
      0.68          0          0          0
      0.69          0          0          0
       0.7          0          0          0
      0.71          0          0          0
      0.72          0          0          0
      0.73          0          0          0
      0.74          0          0          0
      0.75          0          0          0
      0.76          0          0          0
      0.77          0          0          0
      0.78          0          0          0
      0.79          0          0          0
       0.8          0          0          0
      0.81          0          0          0
      0.82          0          0          0
      0.83          0          0          0
      0.84          0          0          0
      0.85          0          0          0
      0.86          0          0          0
      0.87          0          0          0
      0.88          0          0          0
      0.89          0          0          0
       0.9          0          0          0
      0.91          0          0          0
      0.92          0          0          0
      0.93          0          0          0
      0.94          0          0          0
      0.95          0          0          0
      0.96          0          0          0
      0.97          0          0          0
      0.98          0          0          0
      0.99          0          0          0
