         0          1   0.384732   0.555677
      0.01   0.866693   0.433341    0.57779
      0.02   0.866693   0.434156   0.578514
      0.03   0.866579   0.436686    0.58073
      0.04   0.865662   0.442748   0.585856
      0.05   0.862912   0.450585   0.592031
      0.06   0.854377   0.465011   0.602241
      0.07   0.847273   0.477323   0.610636
      0.08   0.835357    0.50232   0.627381
      0.09      0.818   0.520024   0.635832
       0.1   0.792564   0.545171   0.645992
      0.11   0.766728   0.572609   0.655601
      0.12   0.745589   0.591418   0.659614
      0.13    0.71643   0.617527   0.663312
      0.14   0.699244   0.632788   0.664358
      0.15   0.662466   0.658404   0.660429
      0.16   0.640296   0.672476   0.655992
      0.17   0.612741   0.693778   0.650746
      0.18    0.59206   0.706785   0.644356
      0.19   0.560839   0.725058   0.632462
       0.2   0.536033   0.733755     0.6195
      0.21   0.500115   0.749097   0.599793
      0.22   0.462534   0.760088   0.575103
      0.23   0.435438   0.765809   0.555193
      0.24   0.404846    0.76776   0.530144
      0.25   0.378953   0.774157   0.508831
      0.26   0.343091   0.772417   0.475137
      0.27   0.326192   0.772664   0.458725
      0.28   0.301157   0.779343   0.434437
      0.29    0.28844   0.779083   0.421009
       0.3   0.268847   0.774473   0.399139
      0.31   0.251031   0.772603   0.378939
      0.32   0.234132   0.767407   0.358796
      0.33   0.220383   0.765432   0.342231
      0.34    0.21093   0.757307   0.329958
      0.35   0.199874   0.749509   0.315589
      0.36   0.191682   0.743941   0.304824
      0.37   0.179824   0.727603   0.288376
      0.38   0.169626   0.722444   0.274744
      0.39   0.155763    0.72973   0.256727
       0.4   0.142243   0.728013   0.237987
      0.41   0.134853    0.72807   0.227558
      0.42    0.12311   0.726054   0.210523
      0.43   0.121047   0.730924   0.207698
      0.44   0.113256   0.737194   0.196347
      0.45   0.111366   0.755396   0.194114
      0.46   0.105007   0.785124   0.185239
      0.47   0.101627    0.80597   0.180495
      0.48  0.0933776   0.810631   0.167465
      0.49  0.0910862   0.823741   0.164034
       0.5  0.0869615   0.840164    0.15761
      0.51  0.0824358   0.836283   0.150078
      0.52  0.0774519    0.84878   0.141951
      0.53  0.0745302   0.839378   0.136904
      0.54  0.0735564   0.846154   0.135347
      0.55  0.0679995    0.85119   0.125938
      0.56  0.0641613   0.849057   0.119307
      0.57  0.0584326   0.846715   0.109321
      0.58  0.0485793    0.83871  0.0918391
      0.59  0.0452566   0.840336  0.0858878
       0.6  0.0442255   0.836207  0.0840079
      0.61  0.0430797   0.873786  0.0821112
      0.62  0.0411893   0.933333  0.0788967
      0.63  0.0410747   0.964706  0.0787945
      0.64  0.0376948          1   0.072651
      0.65  0.0292163          1  0.0567739
      0.66  0.0284716          1  0.0553668
      0.67  0.0278414          1  0.0541746
      0.68  0.0236022          1   0.046116
      0.69  0.0208524          1   0.040853
       0.7  0.0195348          1  0.0383211
      0.71  0.0171288          1  0.0336807
      0.72  0.0133478          1  0.0263441
      0.73 0.00824931          1  0.0163636
      0.74 0.00733272          1  0.0145587
      0.75 0.00578598          1  0.0115054
      0.76 0.00389551          1 0.00776079
      0.77          0          0          0
      0.78          0          0          0
      0.79          0          0          0
       0.8          0          0          0
      0.81          0          0          0
      0.82          0          0          0
      0.83          0          0          0
      0.84          0          0          0
      0.85          0          0          0
      0.86          0          0          0
      0.87          0          0          0
      0.88          0          0          0
      0.89          0          0          0
       0.9          0          0          0
      0.91          0          0          0
      0.92          0          0          0
      0.93          0          0          0
      0.94          0          0          0
      0.95          0          0          0
      0.96          0          0          0
      0.97          0          0          0
      0.98          0          0          0
      0.99          0          0          0
