         0          1   0.289124   0.448559
      0.01   0.970665   0.378936    0.54508
      0.02   0.970665   0.380145   0.546329
      0.03   0.970617   0.382493   0.548742
      0.04   0.968968   0.392127   0.558313
      0.05   0.967998   0.404649   0.570721
      0.06   0.965477   0.428271   0.593344
      0.07    0.96475   0.445046   0.609107
      0.08   0.961695   0.475861   0.636682
      0.09   0.960483   0.497454   0.655441
       0.1   0.955586   0.532836   0.684175
      0.11    0.94807   0.565634   0.708541
      0.12     0.9423   0.583872   0.720997
      0.13    0.93493   0.606419   0.735667
      0.14   0.924651   0.620149   0.742389
      0.15   0.913838   0.639209   0.752242
      0.16   0.906662   0.649565   0.756877
      0.17   0.892746   0.667472   0.763846
      0.18   0.883388   0.677446   0.766831
      0.19   0.867872    0.69421   0.771388
       0.2   0.860696   0.704626   0.774881
      0.21   0.842998   0.721207   0.777361
      0.22   0.827143   0.741391   0.781923
      0.23   0.812791   0.751311   0.780843
      0.24   0.791166   0.770239   0.780562
      0.25   0.780838   0.779081   0.779959
      0.26   0.763237   0.793565   0.778105
      0.27   0.755964   0.803997   0.779241
      0.28   0.744666   0.815271   0.778371
      0.29    0.73846   0.823678   0.778745
       0.3   0.724059   0.832934    0.77469
      0.31   0.711501   0.841512   0.771065
      0.32    0.69967   0.849178   0.767208
      0.33   0.681924   0.857487   0.759694
      0.34   0.674651   0.861757   0.756811
      0.35   0.655111   0.866876   0.746261
      0.36   0.635667   0.871395   0.735095
      0.37   0.616854   0.875192   0.723658
      0.38    0.60289   0.878413   0.715028
      0.39   0.575737   0.880505    0.69623
       0.4   0.551057   0.887273   0.679869
      0.41   0.520801   0.890909   0.657339
      0.42   0.495927   0.897976   0.638969
      0.43   0.484484   0.904804   0.631062
      0.44   0.458834   0.907528   0.609509
      0.45   0.443949   0.911283   0.597039
      0.46   0.429306   0.914417   0.584294
      0.47   0.411656   0.912216   0.567305
      0.48   0.392164   0.914621   0.548953
      0.49   0.376988   0.919374   0.534716
       0.5   0.368357   0.925564   0.526985
      0.51   0.345859   0.928148   0.503935
      0.52   0.326416   0.930282   0.483265
      0.53   0.298972   0.941041   0.453777
      0.54    0.28108   0.942696   0.433042
      0.55   0.251358   0.954266   0.397905
      0.56   0.239818   0.954887   0.383356
      0.57   0.222896   0.960499   0.361825
      0.58   0.206071   0.964004   0.339556
      0.59   0.189391   0.966418   0.316715
       0.6   0.168154   0.969945   0.286618
      0.61   0.142795   0.970313   0.248953
      0.62   0.119618   0.966312   0.212883
      0.63   0.106187   0.965517   0.191331
      0.64   0.092853   0.963203   0.169378
      0.65  0.0871315    0.96092   0.159775
      0.66   0.079422     0.9675   0.146794
      0.67  0.0751067   0.970109   0.139419
      0.68  0.0717611   0.985294   0.133779
      0.69  0.0688033          1   0.128748
       0.7  0.0675427          1   0.126539
      0.71  0.0627424          1   0.118076
      0.72  0.0573119          1   0.108411
      0.73  0.0527541          1   0.100221
      0.74  0.0495054          1  0.0943405
      0.75  0.0456749          1  0.0873597
      0.76  0.0415535          1  0.0797914
      0.77  0.0389837          1   0.075042
      0.78  0.0364139          1   0.070269
      0.79   0.034135          1  0.0660165
       0.8  0.0312742          1  0.0606517
      0.81  0.0295287          1  0.0573635
      0.82   0.022886          1  0.0447478
      0.83  0.0160978          1  0.0316854
      0.84  0.0110551          1  0.0218684
      0.85 0.00460628          1 0.00917033
      0.86 0.00383049          1 0.00763174
      0.87   0.003782          1  0.0075355
      0.88 0.00261831          1 0.00522294
      0.89  0.0022789          1 0.00454743
       0.9   0.001891          1 0.00377486
      0.91          0          0          0
      0.92          0          0          0
      0.93          0          0          0
      0.94          0          0          0
      0.95          0          0          0
      0.96          0          0          0
      0.97          0          0          0
      0.98          0          0          0
      0.99          0          0          0
