         0          1   0.108911   0.196429
      0.01   0.987393   0.192988    0.32287
      0.02   0.987393   0.193029   0.322928
      0.03   0.987393   0.193023    0.32292
      0.04   0.987393   0.192476   0.322153
      0.05   0.987393   0.191737   0.321118
      0.06   0.986856   0.191292   0.320465
      0.07   0.984844   0.191679   0.320901
      0.08   0.981491    0.19203   0.321214
      0.09   0.978407   0.193444   0.323022
       0.1   0.974383   0.194849   0.324757
      0.11   0.965531   0.197839    0.32839
      0.12   0.956545   0.197466   0.327354
      0.13   0.935756    0.20088   0.330756
      0.14   0.913761   0.205145   0.335066
      0.15   0.871379     0.2094   0.337658
      0.16   0.848578   0.210826   0.337741
      0.17   0.808342   0.214839   0.339457
      0.18    0.78125   0.217404   0.340151
      0.19   0.722237    0.22465   0.342704
       0.2   0.679185   0.227768   0.341135
      0.21   0.605687   0.232971   0.336507
      0.22   0.552709   0.237066   0.331812
      0.23   0.521996   0.244087   0.332633
      0.24   0.471164   0.256223   0.331936
      0.25   0.452521   0.263209   0.332828
      0.26   0.405311   0.271396   0.325103
      0.27   0.376073   0.278186   0.319807
      0.28   0.340933   0.288597    0.31259
      0.29   0.329265   0.299386   0.313615
       0.3   0.283932   0.315978     0.2991
      0.31   0.264083   0.334912    0.29531
      0.32   0.247988   0.338312   0.286193
      0.33   0.234442   0.353293   0.281851
      0.34   0.213519   0.353271   0.266166
      0.35   0.188171   0.357296   0.246514
      0.36   0.180258   0.353846   0.238843
      0.37   0.162017   0.359732   0.223413
      0.38   0.156786   0.357245   0.217929
      0.39   0.138814   0.344715   0.197926
       0.4   0.128085   0.342806    0.18649
      0.41   0.109308   0.319527   0.162892
      0.42  0.0909335   0.314351   0.141062
      0.43  0.0815451   0.298995   0.128142
      0.44  0.0651824   0.303725   0.107331
      0.45  0.0539163   0.291139  0.0909833
      0.46  0.0403702   0.282143  0.0706338
      0.47  0.0331277   0.290698  0.0594774
      0.48  0.0307135   0.285714  0.0554647
      0.49  0.0303112    0.29717  0.0550112
       0.5  0.0257511   0.311111  0.0475651
      0.51  0.0257511   0.335329  0.0478292
      0.52  0.0244099   0.348993  0.0456283
      0.53  0.0236052   0.348148  0.0442126
      0.54  0.0213251   0.341463  0.0401432
      0.55  0.0209227   0.383178  0.0396789
      0.56  0.0206545    0.38835  0.0392229
      0.57   0.020118    0.41573  0.0383788
      0.58   0.020118   0.428571   0.038432
      0.59  0.0187768   0.444444  0.0360314
       0.6  0.0183745   0.476923  0.0353856
      0.61  0.0171674   0.509434  0.0332154
      0.62  0.0140826   0.520833  0.0274237
      0.63  0.0135461   0.526316  0.0264125
      0.64  0.0135461    0.53125  0.0264186
      0.65  0.0127414   0.517241  0.0248702
      0.66  0.0101931        0.5   0.019979
      0.67 0.00898605   0.473684  0.0176375
      0.68 0.00777897   0.428571  0.0152806
      0.69 0.00415773        0.4 0.00822991
       0.7 0.00402361   0.333333 0.00795123
      0.71          0          0          0
      0.72          0          0          0
      0.73          0          0          0
      0.74          0          0          0
      0.75          0          0          0
      0.76          0          0          0
      0.77          0          0          0
      0.78          0          0          0
      0.79          0          0          0
       0.8          0          0          0
      0.81          0          0          0
      0.82          0          0          0
      0.83          0          0          0
      0.84          0          0          0
      0.85          0          0          0
      0.86          0          0          0
      0.87          0          0          0
      0.88          0          0          0
      0.89          0          0          0
       0.9          0          0          0
      0.91          0          0          0
      0.92          0          0          0
      0.93          0          0          0
      0.94          0          0          0
      0.95          0          0          0
      0.96          0          0          0
      0.97          0          0          0
      0.98          0          0          0
      0.99          0          0          0
