         0          1   0.354609   0.523559
      0.01   0.953311   0.396456   0.560016
      0.02   0.953311   0.396566   0.560126
      0.03   0.953311   0.396768   0.560328
      0.04    0.95323   0.397682   0.561225
      0.05    0.95323   0.399001   0.562536
      0.06   0.953069   0.402969   0.566441
      0.07   0.952989   0.406128    0.56954
      0.08   0.951862   0.412268   0.575344
      0.09   0.951218   0.417481   0.580281
       0.1   0.950131   0.426466   0.588696
      0.11   0.948682    0.43789   0.599202
      0.12    0.94671   0.446222   0.606552
      0.13   0.942644   0.459456   0.617793
      0.14   0.938016   0.468752   0.625116
      0.15   0.933146   0.483506   0.636969
      0.16    0.92904   0.494044   0.645059
      0.17   0.922721   0.513163   0.659533
      0.18   0.915717   0.524868   0.667272
      0.19   0.907507   0.542857   0.679342
       0.2   0.900825   0.554841   0.686716
      0.21   0.892654   0.571169   0.696609
      0.22   0.880338   0.587412   0.704645
      0.23    0.86931   0.599495    0.70962
      0.24   0.856229   0.614781   0.715689
      0.25   0.844677   0.624818     0.7183
      0.26   0.833568   0.638697   0.723236
      0.27    0.82423   0.648548   0.725911
      0.28   0.807969   0.661709   0.727561
      0.29   0.795573    0.66849   0.726516
       0.3   0.776535   0.677326   0.723546
      0.31   0.757054   0.689524   0.721712
      0.32   0.744254    0.69659   0.719634
      0.33   0.724572   0.707703   0.716038
      0.34   0.709398   0.716334   0.712849
      0.35   0.693741   0.727055   0.710008
      0.36    0.68384   0.733536   0.707817
      0.37   0.658442   0.745718   0.699368
      0.38   0.654458   0.752389   0.700015
      0.39   0.639042   0.767447   0.697383
       0.4    0.63071   0.775838   0.695787
      0.41   0.610787   0.787296   0.687899
      0.42   0.590783   0.802132   0.680423
      0.43   0.579754   0.807098   0.674792
      0.44   0.559026   0.820878   0.665107
      0.45   0.542242   0.831248   0.656339
      0.46   0.519541   0.845098   0.643486
      0.47   0.501509   0.848765   0.630485
      0.48   0.480419   0.857143   0.615729
      0.49   0.466975   0.859279   0.605106
       0.5   0.442423   0.864455   0.585295
      0.51   0.419078   0.870428   0.565763
      0.52   0.402294   0.873265   0.550832
      0.53   0.378225      0.879   0.528879
      0.54   0.364741   0.882415   0.516139
      0.55      0.342   0.888697   0.493923
      0.56   0.329644   0.897672    0.48221
      0.57   0.300946   0.909521    0.45225
      0.58   0.285852   0.920842   0.436274
      0.59   0.271201   0.932897   0.420236
       0.6   0.248742   0.939964   0.393384
      0.61   0.227007   0.945122   0.366085
      0.62   0.205635   0.943991   0.337706
      0.63   0.187402   0.941406    0.31258
      0.64   0.162648   0.941807   0.277392
      0.65   0.151258   0.943333   0.260712
      0.66   0.131093   0.947059   0.230306
      0.67   0.123808   0.951435   0.219104
      0.68   0.112014   0.963255   0.200691
      0.69   0.100624   0.969419   0.182323
       0.7  0.0785269   0.984496   0.145452
      0.71  0.0676192          1   0.126673
      0.72  0.0621856          1    0.11709
      0.73  0.0525257          1  0.0998088
      0.74  0.0501509          1  0.0955119
      0.75  0.0426243          1  0.0817634
      0.76  0.0396056          1  0.0761934
      0.77  0.0308312          1   0.059818
      0.78  0.0290602          1  0.0564791
      0.79  0.0229422          1  0.0448554
       0.8  0.0176293          1  0.0346478
      0.81  0.0119541          1  0.0236258
      0.82  0.0103441          1  0.0204765
      0.83 0.00772791          1  0.0153373
      0.84 0.00571544          1  0.0113659
      0.85 0.00535319          1  0.0106494
      0.86 0.00265647          1 0.00529886
      0.87          0          0          0
      0.88          0          0          0
      0.89          0          0          0
       0.9          0          0          0
      0.91          0          0          0
      0.92          0          0          0
      0.93          0          0          0
      0.94          0          0          0
      0.95          0          0          0
      0.96          0          0          0
      0.97          0          0          0
      0.98          0          0          0
      0.99          0          0          0
