         0          1   0.308236   0.471224
      0.01   0.894165   0.442515   0.592036
      0.02   0.894165   0.443382   0.592811
      0.03   0.894165   0.444705   0.593993
      0.04   0.894165   0.447411   0.596402
      0.05   0.893863   0.449688   0.598354
      0.06    0.89331   0.452526   0.600736
      0.07   0.892857   0.454436   0.602314
      0.08   0.892052   0.457985   0.605238
      0.09   0.890342   0.460883   0.607365
       0.1   0.886519   0.464002   0.609167
      0.11   0.882243   0.468138   0.611696
      0.12   0.878974   0.470531   0.612943
      0.13   0.868461   0.474162   0.613413
      0.14    0.86333   0.475755   0.613454
      0.15   0.852616   0.478173   0.612716
      0.16   0.841147   0.480178   0.611356
      0.17   0.825503   0.483363   0.609715
      0.18   0.817254   0.485209   0.608906
      0.19   0.800704   0.491244   0.608912
       0.2    0.79336   0.496696   0.610917
      0.21   0.777314   0.502128   0.610127
      0.22   0.758954   0.510863   0.610673
      0.23   0.749849   0.515138   0.610719
      0.24   0.731036   0.521987   0.609073
      0.25   0.719819   0.526923   0.608449
      0.26   0.701509   0.530407   0.604076
      0.27   0.689839   0.534302   0.602189
      0.28   0.656439   0.536886   0.590674
      0.29   0.638783   0.538426   0.584327
       0.3     0.6166   0.542451   0.577153
      0.31   0.597887    0.54607   0.570805
      0.32   0.590241     0.5467   0.567637
      0.33   0.572384   0.546869   0.559336
      0.34   0.556841   0.547235   0.551996
      0.35   0.535815   0.549028   0.542341
      0.36   0.526056   0.547498   0.536563
      0.37   0.504376   0.546985   0.524817
      0.38   0.492606   0.547499   0.518604
      0.39   0.467505   0.546243   0.503816
       0.4    0.45171   0.543538   0.493388
      0.41   0.440694   0.547264   0.488231
      0.42   0.419668   0.550909   0.476415
      0.43   0.405483   0.552112   0.467571
      0.44   0.381439   0.556368   0.452589
      0.45   0.367706   0.568182   0.446472
      0.46   0.342555    0.57815    0.43021
      0.47   0.326811   0.582149   0.418616
      0.48   0.308199   0.594817   0.406022
      0.49   0.299095   0.600952   0.399405
       0.5   0.271982   0.614969   0.377158
      0.51   0.250402   0.631993   0.358689
      0.52   0.238732   0.653003    0.34964
      0.53   0.224648   0.685369   0.338382
      0.54   0.214085    0.70267   0.328181
      0.55   0.201911   0.721536   0.315527
      0.56   0.192505   0.735964   0.305184
      0.57    0.17661   0.758929   0.286539
      0.58    0.16328   0.783133    0.27022
      0.59    0.14492   0.801386   0.245452
       0.6   0.133199   0.808564    0.22872
      0.61   0.111922   0.813609   0.196774
      0.62   0.105181   0.834983   0.186828
      0.63  0.0954225   0.832143   0.171212
      0.64  0.0905936   0.853175   0.163795
      0.65  0.0823441   0.852814   0.150187
      0.66  0.0714789   0.841026   0.131759
      0.67   0.067002   0.831461   0.124011
      0.68  0.0572435   0.823899   0.107049
      0.69  0.0509557   0.823129  0.0959704
       0.7   0.046328   0.834646  0.0877834
      0.71  0.0429074   0.836207  0.0816265
      0.72  0.0401408   0.826923   0.076565
      0.73  0.0357646      0.875  0.0687203
      0.74  0.0346579   0.898734  0.0667421
      0.75  0.0332998   0.907692  0.0642428
      0.76  0.0310865   0.912281  0.0601243
      0.77  0.0245473    0.95122  0.0478595
      0.78  0.0195674          1  0.0383837
      0.79  0.0174044          1  0.0342134
       0.8  0.0171026          1  0.0336301
      0.81  0.0101107          1  0.0200189
      0.82 0.00885312          1  0.0175509
      0.83 0.00663984          1  0.0131921
      0.84 0.00663984          1  0.0131921
      0.85 0.00377264          1 0.00751691
      0.86 0.00372233          1 0.00741706
      0.87  0.0027163          1 0.00541788
      0.88  0.0027163          1 0.00541788
      0.89 0.00241449          1 0.00481734
       0.9          0          0          0
      0.91          0          0          0
      0.92          0          0          0
      0.93          0          0          0
      0.94          0          0          0
      0.95          0          0          0
      0.96          0          0          0
      0.97          0          0          0
      0.98          0          0          0
      0.99          0          0          0
