         0          1   0.363236   0.532903
      0.01   0.974253   0.346381   0.511062
      0.02   0.974253   0.349106   0.514022
      0.03   0.974253    0.35247   0.517659
      0.04   0.973865     0.3615   0.527275
      0.05   0.971885   0.369035   0.534946
      0.06   0.965427   0.386971   0.552489
      0.07   0.951649   0.399423    0.56268
      0.08   0.920649   0.421494   0.578251
      0.09   0.891931   0.437854   0.587367
       0.1   0.810299   0.461689   0.588223
      0.11   0.731206   0.486449   0.584229
      0.12   0.676828   0.507229   0.579882
      0.13   0.591191   0.533556   0.560897
      0.14   0.548308   0.562988   0.555551
      0.15   0.487213   0.605886   0.540107
      0.16   0.448635   0.637674   0.526706
      0.17   0.387712   0.686438   0.495537
      0.18   0.358779    0.72325    0.47963
      0.19   0.316714   0.777471   0.450081
       0.2   0.293292   0.814278   0.431253
      0.21   0.269784   0.872185   0.412098
      0.22   0.245242   0.901408   0.385581
      0.23   0.236545   0.917738   0.376141
      0.24    0.21984   0.941804   0.356471
      0.25   0.215405   0.957906   0.351719
      0.26   0.210497   0.970362   0.345948
      0.27   0.208129   0.973982   0.342969
      0.28   0.201671   0.985594   0.334829
      0.29   0.199389   0.988889   0.331864
       0.3   0.196848   0.992248   0.328522
      0.31   0.194437    0.99729   0.325427
      0.32   0.190735   0.997179   0.320219
      0.33   0.187893   0.998505   0.316272
      0.34   0.185008          1   0.312248
      0.35    0.18109          1   0.306649
      0.36   0.178033          1   0.302255
      0.37   0.171187          1   0.292331
      0.38   0.161715          1   0.278408
      0.39   0.153277          1    0.26581
       0.4   0.142082          1   0.248812
      0.41   0.132309          1   0.233697
      0.42   0.108887          1   0.196389
      0.43   0.101739          1   0.184689
      0.44  0.0819771          1   0.151532
      0.45  0.0727633          1   0.135656
      0.46  0.0565315          1   0.107013
      0.47  0.0432274          1  0.0828725
      0.48   0.028115          1  0.0546924
      0.49  0.0204082          1       0.04
       0.5   0.018686          1  0.0366864
      0.51  0.0145096          1  0.0286042
      0.52  0.0109791          1  0.0217197
      0.53 0.00714716          1  0.0141929
      0.54  0.0045208          1  0.0090009
      0.55 0.00297081          1 0.00592402
      0.56          0          0          0
      0.57          0          0          0
      0.58          0          0          0
      0.59          0          0          0
       0.6          0          0          0
      0.61          0          0          0
      0.62          0          0          0
      0.63          0          0          0
      0.64          0          0          0
      0.65          0          0          0
      0.66          0          0          0
      0.67          0          0          0
      0.68          0          0          0
      0.69          0          0          0
       0.7          0          0          0
      0.71          0          0          0
      0.72          0          0          0
      0.73          0          0          0
      0.74          0          0          0
      0.75          0          0          0
      0.76          0          0          0
      0.77          0          0          0
      0.78          0          0          0
      0.79          0          0          0
       0.8          0          0          0
      0.81          0          0          0
      0.82          0          0          0
      0.83          0          0          0
      0.84          0          0          0
      0.85          0          0          0
      0.86          0          0          0
      0.87          0          0          0
      0.88          0          0          0
      0.89          0          0          0
       0.9          0          0          0
      0.91          0          0          0
      0.92          0          0          0
      0.93          0          0          0
      0.94          0          0          0
      0.95          0          0          0
      0.96          0          0          0
      0.97          0          0          0
      0.98          0          0          0
      0.99          0          0          0
