         0          1   0.164811   0.282983
      0.01   0.984091   0.178826   0.302655
      0.02   0.984091   0.179663   0.303852
      0.03   0.983995   0.181573   0.306575
      0.04    0.98371   0.188457   0.316315
      0.05   0.982566   0.195671   0.326352
      0.06   0.977327   0.210253   0.346059
      0.07   0.964371   0.222418   0.361468
      0.08   0.957607   0.244845   0.389979
      0.09   0.943127   0.259996   0.407621
       0.1    0.92998   0.283739   0.434815
      0.11   0.907878    0.30845   0.460459
      0.12   0.893112   0.326124   0.477784
      0.13   0.866343   0.353307   0.501922
      0.14    0.84567   0.370841   0.515588
      0.15   0.799371   0.401023   0.534102
      0.16   0.776603   0.424079    0.54859
      0.17   0.734686   0.458978   0.564991
      0.18   0.715157   0.474248   0.570305
      0.19   0.669429   0.501377   0.573343
       0.2   0.635324    0.51691   0.570033
      0.21   0.594646    0.54382   0.568099
      0.22   0.544632     0.5712     0.5576
      0.23   0.520149   0.583869    0.55017
      0.24   0.488902    0.60273   0.539881
      0.25   0.451462    0.61875   0.522032
      0.26   0.406497    0.64105   0.497514
      0.27   0.383919   0.649068   0.482464
      0.28   0.352101   0.684145   0.464924
      0.29   0.320282   0.683916   0.436261
       0.3   0.282462   0.697715   0.402127
      0.31    0.22454   0.686667   0.338418
      0.32   0.199867   0.692105   0.310164
      0.33   0.165666   0.656463   0.264566
      0.34   0.147661   0.618257   0.238387
      0.35  0.0991712    0.51462   0.166296
      0.36  0.0889778   0.513333   0.151667
      0.37   0.066781   0.491667    0.11759
      0.38  0.0603982   0.494949   0.107659
      0.39  0.0464895    0.47561  0.0846998
       0.4  0.0462037   0.471429  0.0841591
      0.41  0.0400114   0.481481  0.0738831
      0.42  0.0324855   0.466667  0.0607426
      0.43  0.0289607   0.394737  0.0539623
      0.44  0.0210536   0.346154  0.0396931
      0.45  0.0139087       0.35  0.0267543
      0.46  0.0122892   0.352941  0.0237514
      0.47  0.0117176     0.3125  0.0225883
      0.48  0.0117176   0.357143  0.0226908
      0.49  0.0117176   0.384615  0.0227424
       0.5  0.0109555        0.5  0.0214412
      0.51 0.00952653          1  0.0188733
      0.52 0.00876441          1  0.0173765
      0.53 0.00828808          1  0.0164399
      0.54          0          0          0
      0.55          0          0          0
      0.56          0          0          0
      0.57          0          0          0
      0.58          0          0          0
      0.59          0          0          0
       0.6          0          0          0
      0.61          0          0          0
      0.62          0          0          0
      0.63          0          0          0
      0.64          0          0          0
      0.65          0          0          0
      0.66          0          0          0
      0.67          0          0          0
      0.68          0          0          0
      0.69          0          0          0
       0.7          0          0          0
      0.71          0          0          0
      0.72          0          0          0
      0.73          0          0          0
      0.74          0          0          0
      0.75          0          0          0
      0.76          0          0          0
      0.77          0          0          0
      0.78          0          0          0
      0.79          0          0          0
       0.8          0          0          0
      0.81          0          0          0
      0.82          0          0          0
      0.83          0          0          0
      0.84          0          0          0
      0.85          0          0          0
      0.86          0          0          0
      0.87          0          0          0
      0.88          0          0          0
      0.89          0          0          0
       0.9          0          0          0
      0.91          0          0          0
      0.92          0          0          0
      0.93          0          0          0
      0.94          0          0          0
      0.95          0          0          0
      0.96          0          0          0
      0.97          0          0          0
      0.98          0          0          0
      0.99          0          0          0
