         0          1   0.317058   0.481463
      0.01   0.956434   0.377443   0.541278
      0.02   0.956434   0.377598   0.541438
      0.03   0.956434   0.378021   0.541873
      0.04   0.956434   0.379276   0.543161
      0.05   0.956434   0.380701    0.54462
      0.06   0.955847   0.385514   0.549431
      0.07   0.955407   0.390089   0.553987
      0.08   0.955064   0.398224   0.562082
      0.09   0.954232   0.403548   0.567218
       0.1   0.949581   0.413588   0.576209
      0.11   0.946057   0.423493    0.58508
      0.12   0.941896   0.431824   0.592163
      0.13   0.934309   0.445401   0.603231
      0.14   0.926967   0.453243   0.608807
      0.15   0.911694   0.464426   0.615374
      0.16   0.899506   0.469964   0.617371
      0.17   0.878555    0.47883   0.619837
      0.18   0.867443   0.485349   0.622435
      0.19   0.845171   0.495212   0.624506
       0.2   0.833276   0.502069   0.626598
      0.21   0.807186   0.512744   0.627124
      0.22   0.787067   0.520711   0.626765
      0.23   0.769494   0.525832   0.624746
      0.24   0.741446   0.536596   0.622604
      0.25   0.727153   0.542357   0.621305
      0.26   0.707719   0.549541    0.61868
      0.27   0.685888   0.556047    0.61418
      0.28   0.663713   0.566756   0.611415
      0.29   0.644819   0.572651   0.606596
       0.3   0.616721   0.579239   0.597393
      0.31   0.587009   0.586024   0.586516
      0.32   0.573205   0.592189   0.582542
      0.33    0.55989   0.607338    0.58265
      0.34   0.548289   0.616647   0.580463
      0.35   0.529737   0.628385    0.57486
      0.36   0.517451    0.63444   0.570004
      0.37    0.49836   0.641828   0.561068
      0.38   0.485144   0.649394   0.555379
      0.39   0.455676   0.657524     0.5383
       0.4   0.442117   0.667891   0.532043
      0.41   0.432082   0.677322   0.527596
      0.42   0.419404    0.68267   0.519592
      0.43   0.409271   0.685377   0.512503
      0.44   0.397474        0.7    0.50704
      0.45   0.387635    0.70523   0.500285
      0.46   0.370992   0.712911   0.488022
      0.47   0.360027   0.722519   0.480583
      0.48   0.344266   0.732097    0.46831
      0.49   0.334427   0.729388   0.458589
       0.5   0.321308   0.731707   0.446534
      0.51   0.308679   0.733877   0.434571
      0.52    0.29977   0.741538   0.426945
      0.53   0.280337   0.743399    0.40714
      0.54   0.269421   0.741064   0.395173
      0.55    0.25503   0.749761   0.380599
      0.56   0.246414      0.748   0.370707
      0.57   0.229527   0.757282    0.35228
      0.58    0.22052   0.755656   0.341408
      0.59    0.20515   0.759662   0.323056
       0.6   0.196339   0.757921   0.311884
      0.61   0.187821   0.765583   0.301641
      0.62   0.179744   0.765557   0.291134
      0.63   0.176024   0.763804   0.286112
      0.64   0.166773   0.760726   0.273571
      0.65   0.157472   0.764286    0.26114
      0.66   0.147878   0.771318   0.248176
      0.67   0.144305    0.77439   0.243276
      0.68   0.137501   0.785553   0.234036
      0.69   0.132165   0.793612   0.226594
       0.7   0.114445   0.801136    0.20028
      0.71   0.102354   0.792332    0.18129
      0.72  0.0925155   0.797251   0.165792
      0.73  0.0815997    0.79845   0.148067
      0.74  0.0790543   0.782427     0.1436
      0.75  0.0680405   0.776744   0.125121
      0.76  0.0640756   0.762376   0.118215
      0.77  0.0592295   0.769231    0.10999
      0.78  0.0530129   0.773006  0.0992211
      0.79  0.0484116   0.764706  0.0910585
       0.8   0.045083    0.77027  0.0851804
      0.81  0.0434187   0.782609  0.0822729
      0.82  0.0414607      0.808  0.0788741
      0.83  0.0395027   0.815789  0.0753564
      0.84  0.0359783       0.83   0.068967
      0.85  0.0322581    0.83871  0.0621266
      0.86  0.0295169   0.833333  0.0570143
      0.87   0.024475   0.848485  0.0475776
      0.88  0.0224681   0.892857  0.0438331
      0.89   0.020608      0.875  0.0402675
       0.9  0.0181605    0.90625  0.0356074
      0.91  0.0140976          1  0.0278033
      0.92 0.00602085          1  0.0119696
      0.93 0.00308385          1 0.00614874
      0.94  0.0027412          1 0.00546742
      0.95          0          0          0
      0.96          0          0          0
      0.97          0          0          0
      0.98          0          0          0
      0.99          0          0          0
