         0          1    0.28722   0.446264
      0.01   0.883608   0.379024   0.530493
      0.02   0.883608   0.379502   0.530961
      0.03   0.883608   0.380251   0.531693
      0.04   0.883557   0.381761   0.533158
      0.05   0.882842    0.38418   0.535382
      0.06   0.878146   0.389526   0.539668
      0.07   0.875951   0.394483   0.543984
      0.08   0.868038   0.400527   0.548136
      0.09   0.862729   0.404806    0.55105
       0.1   0.845781   0.410462   0.552698
      0.11   0.834193    0.41843   0.557312
      0.12    0.82337   0.422784   0.558691
      0.13   0.807953   0.429449   0.560812
      0.14   0.797437    0.43259   0.560904
      0.15   0.781714   0.436583   0.560262
      0.16   0.764511   0.439394   0.558053
      0.17   0.746695   0.442857   0.555973
      0.18   0.733881   0.446439    0.55516
      0.19   0.719485   0.452557   0.555625
       0.2   0.704732   0.454523   0.552625
      0.21   0.686865   0.455099   0.547463
      0.22   0.669151    0.45838   0.544066
      0.23   0.654551   0.459883   0.540215
      0.24   0.639236   0.463551     0.5374
      0.25   0.622543   0.463834   0.531596
      0.26   0.600133   0.465048   0.524025
      0.27   0.580479   0.462491   0.514811
      0.28   0.552606   0.458509   0.501179
      0.29   0.534433   0.457103   0.492752
       0.3   0.510746   0.452618   0.479928
      0.31   0.482771   0.447416   0.464422
      0.32   0.468375   0.440256    0.45388
      0.33   0.441728   0.432432   0.437031
      0.34   0.425392   0.426603   0.425997
      0.35    0.39905   0.425416   0.411812
      0.36   0.390372   0.427193   0.407954
      0.37   0.376283   0.427748   0.400368
      0.38   0.365205   0.424699   0.392711
      0.39    0.33769   0.420295   0.374491
       0.4   0.325131   0.413117   0.363881
      0.41   0.301751   0.404945   0.345814
      0.42   0.274542   0.400705   0.325837
      0.43   0.255347   0.403369   0.312727
      0.44   0.225228   0.405031   0.289482
      0.45   0.214151   0.407909   0.280854
      0.46   0.200265   0.415623   0.270292
      0.47   0.190515    0.42155   0.262428
      0.48   0.178314   0.433962   0.252767
      0.49   0.172648   0.449198   0.249429
       0.5   0.156567     0.4685   0.234701
      0.51   0.139568    0.49226   0.217476
      0.52   0.129307   0.510251   0.206327
      0.53   0.120476   0.560976   0.198353
      0.54   0.116188   0.597264   0.194532
      0.55   0.109449   0.637024   0.186803
      0.56   0.103885   0.672199   0.179958
      0.57  0.0877023   0.701299   0.155907
      0.58  0.0784624   0.726984   0.141638
      0.59  0.0698862   0.799145   0.128532
       0.6  0.0650875   0.844221   0.120857
      0.61   0.056205      0.856   0.105484
      0.62  0.0306805   0.809524  0.0591203
      0.63  0.0206749   0.854167  0.0403725
      0.64  0.0172546   0.791667  0.0337731
      0.65 0.00704477      0.875   0.013977
      0.66          0          0          0
      0.67          0          0          0
      0.68          0          0          0
      0.69          0          0          0
       0.7          0          0          0
      0.71          0          0          0
      0.72          0          0          0
      0.73          0          0          0
      0.74          0          0          0
      0.75          0          0          0
      0.76          0          0          0
      0.77          0          0          0
      0.78          0          0          0
      0.79          0          0          0
       0.8          0          0          0
      0.81          0          0          0
      0.82          0          0          0
      0.83          0          0          0
      0.84          0          0          0
      0.85          0          0          0
      0.86          0          0          0
      0.87          0          0          0
      0.88          0          0          0
      0.89          0          0          0
       0.9          0          0          0
      0.91          0          0          0
      0.92          0          0          0
      0.93          0          0          0
      0.94          0          0          0
      0.95          0          0          0
      0.96          0          0          0
      0.97          0          0          0
      0.98          0          0          0
      0.99          0          0          0
