         0          1   0.273534   0.429567
      0.01    0.97807   0.363458   0.529973
      0.02    0.97807    0.36359   0.530115
      0.03    0.97807   0.364031   0.530582
      0.04    0.97807    0.36483   0.531431
      0.05   0.977538   0.366407   0.533022
      0.06   0.977247   0.368992   0.535709
      0.07   0.976909   0.371338   0.538126
      0.08   0.975456   0.376095   0.542878
      0.09    0.97444   0.380358   0.547146
       0.1   0.973471   0.388952   0.555824
      0.11   0.971583   0.397372   0.564051
      0.12   0.969744   0.403027   0.569407
      0.13   0.965242   0.414038     0.5795
      0.14    0.96437   0.422312   0.587395
      0.15   0.960837   0.435785   0.599616
      0.16   0.957787   0.443993    0.60673
      0.17   0.952801   0.454849   0.615751
      0.18   0.950138   0.460525   0.620364
      0.19   0.946217   0.470769   0.628729
       0.2    0.94186    0.47611   0.632495
      0.21   0.938665   0.485622   0.640091
      0.22   0.932565    0.49382   0.645715
      0.23   0.924771   0.498986   0.648211
      0.24   0.914944   0.506802    0.65229
      0.25   0.907005   0.510209   0.653059
      0.26   0.889529    0.51731   0.654179
      0.27   0.883139    0.52257   0.656611
      0.28   0.868035   0.530695   0.658686
      0.29   0.852011   0.533163    0.65589
       0.3   0.828339   0.537639   0.652057
      0.31   0.801811   0.546393   0.649908
      0.32   0.784673   0.548979   0.645999
      0.33   0.755482   0.551348   0.637472
      0.34   0.731132   0.550753   0.628252
      0.35   0.683884   0.547939    0.60841
      0.36    0.65479   0.548351   0.596862
      0.37   0.613158   0.545208    0.57719
      0.38   0.577915   0.539487   0.558041
      0.39   0.521421   0.532876   0.527086
       0.4   0.495086   0.528365   0.511184
      0.41   0.445708   0.528431   0.483558
      0.42   0.403979   0.535016   0.460355
      0.43   0.380597   0.541824    0.44712
      0.44   0.356538   0.560996   0.435987
      0.45   0.345984   0.574304   0.431822
      0.46   0.332091   0.593722   0.425938
      0.47    0.32633    0.60913   0.424983
      0.48   0.321053   0.632457   0.425905
      0.49   0.315002    0.64506   0.423296
       0.5   0.307063   0.670189   0.421161
      0.51   0.303432   0.695678   0.422558
      0.52   0.303093   0.710938   0.424998
      0.53   0.300382   0.738854   0.427119
      0.54   0.299511   0.756419   0.429111
      0.55   0.297042   0.779684   0.430191
      0.56   0.295203   0.801136   0.431431
      0.57   0.293653   0.828358   0.433597
      0.58   0.289587    0.84734   0.431652
      0.59    0.28828   0.876911   0.433913
       0.6   0.287118   0.897351    0.43504
      0.61   0.285956   0.920377   0.436343
      0.62   0.284214   0.936787   0.436114
      0.63   0.282229    0.94826   0.434992
      0.64   0.281357   0.965201   0.435706
      0.65   0.280922   0.970398   0.435709
      0.66   0.279179   0.978261    0.43439
      0.67   0.277775   0.979866   0.432846
      0.68   0.275016   0.984205   0.429904
      0.69   0.272886      0.986   0.427466
       0.7   0.271627   0.987718    0.42608
      0.71   0.266641   0.992624   0.420363
      0.72   0.265189   0.992441    0.41854
      0.73   0.255313   0.994312   0.406299
      0.74   0.251827   0.995289   0.401953
      0.75   0.243888   0.997475   0.391944
      0.76   0.234013          1   0.379271
      0.77   0.220216          1   0.360946
      0.78   0.209275          1   0.346117
      0.79   0.193397          1   0.324112
       0.8   0.188411          1    0.31708
      0.81   0.170741          1    0.29168
      0.82   0.153604          1   0.266303
      0.83   0.135354          1   0.238434
      0.84    0.11323          1   0.203427
      0.85    0.10108          1   0.183601
      0.86  0.0869439          1   0.159979
      0.87  0.0720821          1   0.134471
      0.88  0.0548482          1   0.103993
      0.89  0.0453115          1  0.0866948
       0.9   0.036985          1  0.0713319
      0.91  0.0347098          1  0.0670909
      0.92  0.0334511          1  0.0647367
      0.93  0.0273999          1  0.0533384
      0.94  0.0221233          1  0.0432888
      0.95  0.0201869          1  0.0395748
      0.96  0.0155395          1  0.0306035
      0.97  0.0127318          1  0.0251434
      0.98 0.00634168          1  0.0126034
      0.99          0          0          0
