         0          1   0.279386    0.43675
      0.01   0.935924   0.348574   0.507963
      0.02   0.935836   0.349494   0.508927
      0.03    0.93563   0.351117   0.510614
      0.04   0.934356   0.355581   0.515125
      0.05   0.932454   0.360067   0.519521
      0.06   0.928503   0.369097   0.528218
      0.07   0.924785   0.376117   0.534748
      0.08   0.917335    0.38823   0.545568
      0.09   0.910716   0.397032   0.552986
       0.1    0.89785   0.410773   0.563665
      0.11   0.883093   0.425329   0.574134
      0.12   0.872341   0.435116   0.580623
      0.13   0.854033   0.449971   0.589401
      0.14   0.840823   0.459763    0.59447
      0.15   0.819997   0.474016   0.600754
      0.16   0.804871   0.483183   0.603856
      0.17   0.781289   0.496911   0.607466
      0.18   0.766206   0.505534   0.609155
      0.19   0.742149   0.518429   0.610437
       0.2   0.725909   0.526561   0.610371
      0.21   0.700739   0.538344     0.6089
      0.22   0.676538   0.550594   0.607103
      0.23   0.659575   0.558509   0.604849
      0.24   0.634758   0.570192   0.600745
      0.25   0.617964   0.577927   0.597275
      0.26   0.594504    0.58935   0.591916
      0.27   0.578509   0.596998   0.587608
      0.28   0.554765    0.60915   0.580687
      0.29   0.539749   0.616332   0.575504
       0.3   0.516716   0.626935   0.566514
      0.31   0.494348   0.636873   0.556632
      0.32   0.479716   0.642465   0.549289
      0.33   0.458704   0.651209   0.538262
      0.34   0.445756   0.657118   0.531184
      0.35   0.425375   0.665669    0.51906
      0.36   0.413005   0.671304   0.511389
      0.37    0.39438   0.679719   0.499149
      0.38   0.381705   0.685034   0.490243
      0.39   0.362972   0.693155    0.47645
       0.4   0.351074    0.69759   0.467081
      0.41   0.334834   0.704987   0.454027
      0.42   0.318564   0.713807   0.440526
      0.43   0.308168   0.719221   0.431464
      0.44   0.293624   0.727728   0.418423
      0.45   0.284929   0.734101   0.410521
      0.46   0.271936   0.742466   0.398073
      0.47    0.26299   0.747563   0.389097
      0.48   0.250753   0.755034   0.376476
      0.49   0.243185   0.760604   0.368539
       0.5   0.232171   0.769321   0.356696
      0.51   0.222172   0.777764   0.345617
      0.52    0.21503   0.783929   0.337487
      0.53   0.204099   0.793126   0.324654
      0.54   0.197257   0.798886   0.316392
      0.55   0.187573   0.807912   0.304459
      0.56   0.181685   0.813429   0.297027
      0.57   0.172135   0.821358   0.284621
      0.58   0.166029   0.827608   0.276573
      0.59     0.1577   0.836409   0.265367
       0.6   0.151306   0.841316   0.256485
      0.61   0.143207   0.849572     0.2451
      0.62   0.135204   0.856364   0.233537
      0.63   0.130248   0.861781   0.226295
      0.64   0.123019   0.870735    0.21558
      0.65   0.118082   0.877115   0.208143
      0.66    0.11166   0.885972   0.198325
      0.67   0.107926   0.892297   0.192561
      0.68   0.101754   0.900101   0.182838
      0.69  0.0975788   0.904308    0.17615
       0.7  0.0908064   0.913769   0.165196
      0.71  0.0840959   0.920125   0.154107
      0.72  0.0791969    0.92324    0.14588
      0.73  0.0734272   0.928194   0.136089
      0.74  0.0688342   0.928815    0.12817
      0.75  0.0624198   0.931522      0.117
      0.76  0.0579234   0.933385   0.109078
      0.77  0.0523775   0.937353  0.0992113
      0.78   0.048583   0.938648  0.0923843
      0.79  0.0429608   0.937454  0.0821565
       0.8  0.0392903   0.938679  0.0754235
      0.81  0.0334413   0.944052  0.0645944
      0.82  0.0282239    0.94125  0.0548044
      0.83  0.0247212   0.936599  0.0481709
      0.84  0.0193492   0.930971  0.0379104
      0.85   0.016891   0.922868  0.0331748
      0.86  0.0127618    0.90412  0.0251684
      0.87 0.00998936   0.893829  0.0197579
      0.88 0.00793291   0.881119  0.0157242
      0.89 0.00611241   0.864162   0.012139
       0.9 0.00430309   0.843284  0.0085625
      0.91 0.00325046   0.817043 0.00647516
      0.92 0.00256091   0.781818 0.00510509
      0.93   0.001731   0.719368 0.00345369
      0.94 0.00120417   0.663462 0.00240399
      0.95 0.000709894   0.584416 0.00141806
      0.96 0.000504452    0.51938 0.00100792
      0.97 0.000330538   0.419355 0.000660555
      0.98 0.000148488   0.257143 0.000296804
      0.99 1.52556e-05   0.108696 3.05069e-05
