    119082        0.3    0.69343   0.835835   0.758002
     58060          0          1   0.374026   0.544424
     42049       0.31   0.933333   0.971888    0.95222
     24077       0.07   0.885178   0.534367   0.666425
     78004       0.22   0.827143   0.741391   0.781923
     45096       0.08   0.854818   0.724116   0.784058
     38092       0.26   0.802511   0.803023   0.802767
     43074       0.16   0.632864   0.733998   0.679689
     16077       0.27   0.637645   0.555712   0.593866
     86000       0.14    0.86333   0.475755   0.613454
    101085       0.29   0.780072    0.83519   0.806691
     89072       0.14   0.797437    0.43259   0.560904
    126007       0.18   0.820094   0.649069   0.724627
     76053       0.14   0.699244   0.632788   0.664358
     86016  0.0964646   0.839159   0.453263   0.588599
    103070   0.149899   0.707601    0.55093   0.619514
      8023       0.19   0.722237    0.22465   0.342704
     41033   0.217071   0.667879   0.670348   0.669111
    109053       0.14   0.757113   0.411322   0.533051
    130026       0.42   0.396381   0.564217   0.465637
    108082       0.15   0.731474   0.186726   0.297507
     69040          0          1   0.319512   0.484288
     14037       0.16   0.674981   0.698865   0.686715
     54082       0.06   0.853496   0.629661   0.724688
     62096       0.59   0.696042   0.919584   0.792348
     12084       0.13   0.941392   0.317266   0.474587
     69015       0.17   0.813432   0.871837   0.841622
     97033       0.28   0.868035   0.530695   0.658686
     19021       0.18   0.829589   0.700129   0.759381
     86068       0.19   0.669429   0.501377   0.573343
      3096       0.19   0.706345   0.923077   0.800297
     41069       0.24   0.664889   0.616304   0.639675
     21077       0.17    0.91155   0.609806   0.730754
    108070          0          1   0.230724    0.37494
    123074       0.23   0.536204   0.358898    0.42999
     38082       0.13   0.835031   0.519027   0.640155
     33039       0.33   0.733535   0.394365   0.512954
    108005       0.15   0.807264   0.405836   0.540131
    106024   0.212929   0.620118   0.775141   0.689017
    102061       0.28    0.65786   0.447141   0.532409
     37073       0.06   0.934983   0.843595   0.886941
     65033        0.2   0.784124   0.635548   0.702061
     55073       0.18   0.781507   0.542607   0.640505
     66053       0.18   0.749775   0.587439   0.658753
     85048       0.28   0.807969   0.661709   0.727561
     42012       0.03    0.87535   0.480259    0.62023
     87046       0.21   0.807186   0.512744   0.627124
    105025       0.27   0.683562   0.570683   0.622043
    101087       0.19   0.846736   0.877429   0.861809
     69020       0.18   0.830853   0.649952   0.729353
