         0          1   0.295659   0.456384
      0.01    0.99171   0.361017   0.529337
      0.02    0.99171   0.361017   0.529337
      0.03    0.99171   0.361017   0.529337
      0.04    0.99171   0.361017   0.529337
      0.05    0.99171   0.361017   0.529337
      0.06    0.99171   0.361017   0.529337
      0.07    0.99171   0.361033   0.529354
      0.08    0.99171   0.360976   0.529293
      0.09    0.99171   0.360964    0.52928
       0.1    0.99171   0.360996   0.529315
      0.11    0.99171   0.361012   0.529332
      0.12    0.99171   0.361044   0.529366
      0.13    0.99171   0.361032   0.529353
      0.14    0.99171    0.36102    0.52934
      0.15    0.99171   0.361036   0.529357
      0.16    0.99171   0.361084   0.529409
      0.17    0.99171    0.36118   0.529512
      0.18    0.99171    0.36118   0.529512
      0.19    0.99171   0.361313   0.529655
       0.2    0.99171   0.361349   0.529693
      0.21    0.99171   0.361449   0.529801
      0.22    0.99171   0.361566   0.529926
      0.23    0.99171    0.36165   0.530017
      0.24    0.99171   0.361847   0.530229
      0.25    0.99171   0.361956   0.530345
      0.26    0.99171   0.362165    0.53057
      0.27    0.99171   0.362392   0.530813
      0.28    0.99171   0.362517   0.530948
      0.29    0.99171   0.362667   0.531109
       0.3    0.99171   0.363102   0.531575
      0.31    0.99171   0.363845    0.53237
      0.32    0.99171   0.364316   0.532875
      0.33    0.99171   0.364806   0.533399
      0.34   0.991553   0.365244   0.533843
      0.35   0.991553   0.366036   0.534689
      0.36   0.991553   0.366744   0.535444
      0.37   0.991553   0.367588   0.536343
      0.38   0.991553   0.368058   0.536843
      0.39   0.991553   0.369073   0.537923
       0.4   0.991475   0.369787   0.538669
      0.41   0.991475   0.371088   0.540047
      0.42   0.991475   0.372201   0.541225
      0.43   0.991475   0.372438   0.541475
      0.44   0.991475    0.37342   0.542513
      0.45   0.991475   0.374207   0.543343
      0.46   0.991475   0.375449   0.544651
      0.47   0.991475   0.376601   0.545862
      0.48   0.991475   0.378275   0.547619
      0.49   0.991475   0.379193    0.54858
       0.5   0.991475   0.380254   0.549689
      0.51   0.991436   0.381385   0.550864
      0.52   0.991436   0.382112   0.551622
      0.53   0.991436    0.38353   0.553098
      0.54   0.991436   0.385003   0.554629
      0.55   0.991436   0.386786   0.556476
      0.56   0.990928   0.387591   0.557229
      0.57   0.990849   0.389607   0.559296
      0.58    0.99081    0.39081   0.560528
      0.59    0.99081   0.392811   0.562584
       0.6   0.990771   0.394022   0.563818
      0.61   0.990771   0.396014   0.565855
      0.62   0.990419   0.397619   0.567434
      0.63   0.990341   0.399166   0.568994
      0.64   0.990302   0.401353   0.571206
      0.65   0.990302   0.402907   0.572777
      0.66   0.990263   0.405785   0.575673
      0.67   0.990263   0.406601   0.576494
      0.68    0.98995   0.408686   0.578533
      0.69   0.989833   0.410039   0.579868
       0.7   0.989246   0.412192   0.581916
      0.71   0.989246   0.414375   0.584087
      0.72   0.989168   0.416443   0.586126
      0.73   0.989129   0.418676   0.588326
      0.74   0.989051    0.42033   0.589944
      0.75   0.988699   0.423453   0.592949
      0.76   0.987799   0.424839   0.594144
      0.77   0.987252   0.427123   0.596275
      0.78   0.986978   0.428813   0.597869
      0.79   0.986704   0.431897    0.60081
       0.8   0.985883   0.433475   0.602182
      0.81   0.985687   0.435883   0.604465
      0.82   0.985336   0.439184   0.607565
      0.83    0.98471    0.44107   0.609247
      0.84    0.98471   0.444409   0.612424
      0.85   0.984593   0.446624   0.614502
      0.86   0.984123   0.449313    0.61695
      0.87   0.983419   0.451811   0.619161
      0.88   0.982911   0.455222   0.622255
      0.89   0.982364   0.457709   0.624464
       0.9   0.981699   0.460893   0.627285
      0.91   0.980017   0.464032   0.629839
      0.92   0.978805   0.466302   0.631675
      0.93   0.978101   0.469423   0.634384
      0.94    0.97771   0.471653   0.636334
      0.95   0.976889   0.474199   0.638473
      0.96   0.975246   0.475933   0.639689
      0.97   0.974621   0.479413   0.642689
      0.98   0.973056   0.481726   0.644422
      0.99   0.972392   0.485873   0.647974
