         0          1   0.296598   0.457502
      0.01   0.971775    0.52934   0.685357
      0.02   0.971775    0.52934   0.685357
      0.03   0.971775    0.52934   0.685357
      0.04   0.971775    0.52934   0.685357
      0.05   0.971775    0.52934   0.685357
      0.06   0.971775   0.529374   0.685385
      0.07   0.971775   0.529408   0.685414
      0.08   0.971775   0.529442   0.685442
      0.09   0.971775   0.529479   0.685473
       0.1   0.971775   0.529464   0.685461
      0.11   0.971775   0.529442   0.685442
      0.12   0.971775   0.529416    0.68542
      0.13   0.971775   0.529555   0.685536
      0.14   0.971775   0.529701   0.685659
      0.15   0.971775   0.529984   0.685896
      0.16   0.971775   0.530033   0.685937
      0.17   0.971775   0.530468   0.686301
      0.18   0.971775    0.53079   0.686571
      0.19   0.971696    0.53088   0.686626
       0.2   0.971696   0.531429   0.687085
      0.21   0.971059   0.531963   0.687372
      0.22   0.971059   0.533351   0.688529
      0.23   0.971019   0.534265   0.689281
      0.24    0.97082    0.53637    0.69098
      0.25    0.97078   0.537453   0.691868
      0.26   0.970701   0.539161   0.693261
      0.27   0.970581   0.540278   0.694153
      0.28   0.970303   0.542085   0.695571
      0.29   0.969825   0.543558   0.696659
       0.3   0.967834   0.545761   0.697949
      0.31   0.967675   0.548696   0.700303
      0.32   0.966481   0.550358   0.701341
      0.33   0.966401   0.553597   0.703944
      0.34   0.965685   0.556087   0.705763
      0.35   0.965605   0.559588   0.708554
      0.36    0.96457   0.561397   0.709723
      0.37   0.964212    0.56522   0.712673
      0.38   0.963654   0.567657   0.714453
      0.39   0.963416   0.570899   0.716949
       0.4   0.963177   0.573258    0.71874
      0.41   0.963018   0.576977   0.721612
      0.42   0.962341   0.581367   0.724844
      0.43   0.961982   0.583738   0.726581
      0.44   0.961346   0.586997   0.728917
      0.45   0.960589   0.589005   0.730245
      0.46   0.960271   0.593968   0.733955
      0.47   0.959594   0.596416   0.735622
      0.48   0.958957   0.599952   0.738116
      0.49   0.958838   0.602192   0.739774
       0.5   0.957046   0.605684   0.741865
      0.51   0.955613   0.609546   0.744321
      0.52   0.954896     0.6115   0.745558
      0.53    0.95414   0.615246   0.748103
      0.54   0.953702   0.618491   0.750361
      0.55   0.952906   0.623072   0.753474
      0.56   0.952548   0.625602   0.755208
      0.57   0.950756   0.630427   0.758144
      0.58   0.950557   0.633171   0.760062
      0.59   0.949124   0.639138    0.76388
       0.6   0.948408   0.642607   0.766119
      0.61   0.947094   0.647245   0.768973
      0.62   0.945303   0.652174   0.771844
      0.63   0.945303   0.655223   0.773976
      0.64   0.944108   0.659207   0.776345
      0.65   0.941561    0.66338   0.778362
      0.66   0.940725   0.668911   0.781867
      0.67   0.939411   0.672607    0.78393
      0.68   0.937858   0.677371    0.78661
      0.69   0.937261   0.680277   0.788355
       0.7   0.934594   0.685519    0.79091
      0.71   0.932126   0.689709     0.7928
      0.72   0.929737   0.693543   0.794456
      0.73   0.928384    0.69962   0.797929
      0.74   0.927946   0.702254   0.799477
      0.75   0.926473   0.707696    0.80244
      0.76    0.92492   0.710605   0.803721
      0.77   0.923885   0.714895   0.806064
      0.78   0.921457   0.717614    0.80686
      0.79   0.918153   0.722704   0.808788
       0.8   0.915924   0.726393   0.810222
      0.81    0.91246   0.729719   0.810922
      0.82   0.911107   0.734044   0.813047
      0.83   0.909912   0.737648   0.814775
      0.84   0.907086   0.742461   0.816559
      0.85   0.905892   0.745292   0.817782
      0.86   0.903424   0.747906   0.818342
      0.87   0.901194   0.749646   0.818464
      0.88   0.899403   0.754755   0.820755
      0.89    0.89785   0.757836   0.821923
       0.9   0.895462   0.762004    0.82336
      0.91   0.893392   0.765399   0.824457
      0.92     0.8916   0.769395   0.826002
      0.93   0.889769   0.773983   0.827847
      0.94   0.888575   0.776957   0.829026
      0.95   0.885191   0.781766    0.83027
      0.96   0.883002    0.78458   0.830887
      0.97   0.880892   0.788588   0.832188
      0.98   0.878822   0.791625   0.832947
      0.99   0.871656   0.793828   0.830924
