         0          1   0.168956   0.289072
      0.01   0.949951   0.266621   0.416378
      0.02   0.949951   0.266621   0.416378
      0.03   0.949951   0.266621   0.416378
      0.04   0.949951   0.266621   0.416378
      0.05   0.949951   0.266621   0.416378
      0.06   0.949951   0.266621   0.416378
      0.07   0.949951   0.266621   0.416378
      0.08   0.949951   0.266658   0.416423
      0.09   0.949951   0.266712   0.416489
       0.1   0.949951    0.26673   0.416511
      0.11   0.949951   0.266862   0.416672
      0.12   0.949951   0.266935    0.41676
      0.13   0.949951   0.267213   0.417099
      0.14   0.949951   0.267345    0.41726
      0.15   0.949951   0.267674   0.417661
      0.16   0.949951    0.26793   0.417973
      0.17   0.949623   0.268331   0.418429
      0.18   0.949541   0.268628   0.418781
      0.19   0.949458   0.269191   0.419457
       0.2   0.949458   0.269555   0.419899
      0.21   0.949458   0.270388   0.420909
      0.22   0.949458    0.27139   0.422122
      0.23   0.949294   0.272155    0.42303
      0.24   0.949294   0.273733   0.424935
      0.25   0.949212   0.274039   0.425295
      0.26   0.948802   0.275178   0.426624
      0.27   0.948228   0.276374   0.428002
      0.28   0.947653   0.278365   0.430326
      0.29   0.947489   0.279455   0.431609
       0.3   0.946997   0.280974   0.433368
      0.31   0.946259   0.282196   0.434742
      0.32   0.946177   0.283494   0.436272
      0.33   0.945684   0.285456   0.438538
      0.34    0.94552   0.286518   0.439773
      0.35   0.945192   0.288797   0.442416
      0.36     0.9447   0.290101    0.44389
      0.37     0.9447   0.291845    0.44593
      0.38   0.944536   0.293193   0.447483
      0.39   0.943715   0.295259   0.449792
       0.4   0.942895   0.296362   0.450977
      0.41   0.942402   0.298372   0.453244
      0.42    0.94232   0.300499   0.455684
      0.43   0.941664   0.302046   0.457382
      0.44   0.940433    0.30354   0.458948
      0.45   0.939285   0.304979   0.460453
      0.46   0.937479   0.307516   0.463118
      0.47   0.937315   0.309381   0.465209
      0.48   0.936577   0.311366   0.467358
      0.49   0.936495   0.312932    0.46911
       0.5   0.934116   0.315067   0.471203
      0.51   0.933213   0.317429   0.473723
      0.52   0.932721   0.318669   0.475039
      0.53   0.928782   0.320812   0.476898
      0.54   0.928454   0.322004   0.478171
      0.55   0.926239   0.323296   0.479298
      0.56   0.926075   0.324296   0.480374
      0.57   0.926075    0.32654   0.482831
      0.58    0.92509   0.327353   0.483584
      0.59   0.924844    0.32963   0.486031
       0.6   0.924598   0.331193   0.487694
      0.61   0.922957   0.332645   0.489036
      0.62   0.919101     0.3333   0.489199
      0.63   0.914506   0.334669   0.490015
      0.64    0.91385   0.335972   0.491315
      0.65   0.913029   0.336744   0.492021
      0.66   0.911142   0.337576   0.492633
      0.67   0.910568   0.338679   0.493722
      0.68   0.910075   0.340394   0.495469
      0.69   0.909911   0.341448    0.49656
       0.7   0.905563   0.342817   0.497352
      0.71   0.903758   0.344067   0.498393
      0.72   0.903183   0.345328   0.499627
      0.73   0.902445   0.346539   0.500779
      0.74   0.900722   0.347724   0.501748
      0.75   0.898753   0.348956   0.502722
      0.76   0.897112   0.350051   0.503599
      0.77   0.896045   0.350987   0.504397
      0.78   0.894897    0.35208   0.505343
      0.79   0.892435   0.352817   0.505707
       0.8   0.889481   0.353199   0.505623
      0.81   0.888251   0.354812   0.507073
      0.82   0.887184     0.3561   0.508212
      0.83   0.886774   0.357178   0.509241
      0.84   0.883082   0.358927   0.510402
      0.85   0.881277   0.359206   0.510382
      0.86   0.878077   0.360226    0.51087
      0.87   0.877667   0.361199   0.511778
      0.88   0.875944   0.362361   0.512649
      0.89   0.873892   0.363018   0.512953
       0.9   0.871267   0.365088   0.514559
      0.91   0.868313   0.365614   0.514564
      0.92   0.865606   0.366385    0.51485
      0.93   0.864375   0.367325   0.515558
      0.94   0.863636   0.368485   0.516567
      0.95   0.861585   0.369943   0.517629
      0.96   0.857893   0.370553   0.517556
      0.97   0.852888   0.371903   0.517952
      0.98   0.849442   0.372158   0.517562
      0.99   0.842222   0.373976   0.517959
