         0          1   0.337394   0.504555
      0.01   0.905224   0.384335   0.539578
      0.02   0.905224   0.384335   0.539578
      0.03   0.905224   0.384354   0.539597
      0.04   0.905224   0.384354   0.539597
      0.05   0.905224   0.384373   0.539616
      0.06   0.905224    0.38441   0.539653
      0.07   0.905224    0.38438   0.539623
      0.08   0.905224   0.384388   0.539631
      0.09   0.905224   0.384445   0.539687
       0.1   0.905224   0.384441   0.539683
      0.11   0.905224   0.384395   0.539638
      0.12   0.905224   0.384399   0.539642
      0.13   0.905224   0.384448    0.53969
      0.14   0.905224   0.384532   0.539773
      0.15   0.905053   0.384821   0.540027
      0.16   0.905053   0.384897   0.540102
      0.17    0.90501   0.385061   0.540256
      0.18    0.90501   0.385165   0.540358
      0.19   0.904925   0.385677   0.540847
       0.2   0.904797   0.385925   0.541067
      0.21   0.903855     0.3863   0.541267
      0.22    0.90193   0.387116   0.541721
      0.23   0.901245   0.387706   0.542174
      0.24   0.901202   0.388552   0.542994
      0.25   0.900817   0.388706   0.543074
      0.26   0.900561     0.3902   0.544484
      0.27   0.900261   0.390549   0.544768
      0.28    0.90009   0.392097   0.546241
      0.29   0.898935     0.3928   0.546709
       0.3   0.897009    0.39369   0.547213
      0.31   0.894527   0.394928   0.547943
      0.32     0.8941   0.396162   0.549049
      0.33   0.892046    0.39812   0.550536
      0.34   0.890591   0.398912   0.551015
      0.35   0.888623   0.400541   0.552187
      0.36   0.887425   0.402629   0.553935
      0.37   0.885456   0.404599    0.55541
      0.38    0.88413   0.405373   0.555877
      0.39   0.881178   0.407154   0.556961
       0.4   0.878525   0.408209   0.557414
      0.41   0.876342   0.410178   0.558804
      0.42   0.873133   0.412241   0.560057
      0.43   0.868855   0.413714   0.560528
      0.44   0.864276     0.4159   0.561567
      0.45   0.862479   0.418014   0.563109
      0.46   0.858329   0.421125   0.565028
      0.47   0.855547    0.42321   0.566293
      0.48   0.848102   0.426482   0.567558
      0.49   0.843738   0.427796   0.567736
       0.5   0.839588   0.429505   0.568291
      0.51   0.833597   0.432094   0.569163
      0.52   0.830303   0.433268   0.569408
      0.53   0.823628   0.435498   0.569742
      0.54   0.817466   0.438361   0.570692
      0.55   0.810577   0.440811   0.571064
      0.56   0.807411   0.442369   0.571578
      0.57   0.798083   0.444363   0.570872
      0.58   0.795088   0.446167   0.571586
      0.59   0.789953   0.449338   0.572837
       0.6   0.788456   0.451852   0.574479
      0.61   0.784562   0.454795   0.575806
      0.62   0.779342   0.458258   0.577148
      0.63   0.776946    0.46045   0.578222
      0.64   0.769415   0.462386   0.577637
      0.65   0.762997   0.463802   0.576915
      0.66   0.760216   0.466925   0.578521
      0.67   0.757135   0.469607   0.579675
      0.68   0.749604   0.472476   0.579618
      0.69   0.745882   0.475349   0.580651
       0.7   0.739549    0.47809   0.580749
      0.71   0.733601   0.481627   0.581491
      0.72   0.730093   0.483646   0.581849
      0.73   0.722947   0.487566   0.582372
      0.74   0.716101   0.489234   0.581317
      0.75   0.711352   0.493803   0.582942
      0.76   0.706217   0.496266   0.582913
      0.77   0.698772   0.498563   0.581929
      0.78   0.692054   0.500532   0.580914
      0.79   0.684994    0.50467   0.581166
       0.8    0.67986   0.506575   0.580563
      0.81   0.673784   0.511367   0.581446
      0.82   0.666381   0.515623   0.581388
      0.83   0.664114   0.519934   0.583245
      0.84   0.655556   0.522381    0.58144
      0.85   0.647854   0.524647   0.579777
      0.86   0.642206   0.530959   0.581308
      0.87   0.633263   0.534324   0.579602
      0.88   0.628428   0.538329     0.5799
      0.89   0.623379   0.542441   0.580101
       0.9   0.610201   0.545946   0.576288
      0.91   0.604125   0.553578   0.577748
      0.92   0.598348   0.557612   0.577263
      0.93   0.584956   0.560201   0.572311
      0.94   0.578965   0.562685   0.570709
      0.95   0.573317   0.566943   0.570113
      0.96   0.568183   0.571576   0.569874
      0.97   0.560994   0.577037   0.568903
      0.98   0.556502   0.581239   0.568601
      0.99   0.548415   0.586047   0.566606
