         0          1   0.223995   0.366006
      0.01   0.951248   0.270877   0.421677
      0.02   0.951248   0.270877   0.421677
      0.03   0.951248   0.270877   0.421677
      0.04   0.951248   0.270877   0.421677
      0.05   0.951248   0.270877   0.421677
      0.06   0.951248   0.270877   0.421677
      0.07   0.951248   0.270877   0.421677
      0.08   0.951248   0.270889   0.421692
      0.09   0.951248   0.270889   0.421692
       0.1   0.951248   0.270913   0.421721
      0.11   0.951248   0.270929    0.42174
      0.12   0.951248   0.270953   0.421769
      0.13   0.951248   0.271001   0.421827
      0.14   0.951248   0.271025   0.421856
      0.15   0.951248   0.271061     0.4219
      0.16   0.951248   0.271133   0.421987
      0.17   0.951248   0.271209    0.42208
      0.18   0.951248   0.271201   0.422069
      0.19   0.951248   0.271313   0.422205
       0.2   0.951248   0.271385   0.422293
      0.21   0.951248    0.27151   0.422444
      0.22   0.951248   0.271865   0.422873
      0.23   0.951248    0.27201   0.423049
      0.24   0.951248   0.272245   0.423332
      0.25   0.951248   0.272407   0.423528
      0.26   0.951248   0.272548     0.4237
      0.27   0.951248   0.272731   0.423921
      0.28   0.951248    0.27298   0.424221
      0.29   0.951183   0.273103   0.424363
       0.3   0.951054   0.273517    0.42485
      0.31   0.951054   0.274089    0.42554
      0.32   0.951054   0.274322    0.42582
      0.33   0.951054    0.27471   0.426288
      0.34   0.950861   0.275011   0.426631
      0.35   0.950732    0.27536   0.427038
      0.36   0.950667   0.275577   0.427291
      0.37   0.950538   0.275919    0.42769
      0.38   0.950474   0.276463   0.428337
      0.39   0.950281   0.276616   0.428501
       0.4   0.948733   0.277139    0.42897
      0.41   0.948152    0.27809   0.430048
      0.42   0.947766   0.278959   0.431047
      0.43   0.947637   0.279399   0.431559
      0.44   0.946734   0.279968   0.432142
      0.45   0.946669   0.280434   0.432691
      0.46   0.944283   0.281483   0.433688
      0.47   0.943574   0.282152   0.434406
      0.48   0.943251    0.28358   0.436062
      0.49   0.942671   0.284416   0.436987
       0.5   0.942284   0.285643   0.438393
      0.51    0.94222    0.28693     0.4399
      0.52   0.941123   0.287949   0.440976
      0.53   0.940221   0.289403   0.442578
      0.54   0.939834   0.290288    0.44357
      0.55   0.938673   0.291472    0.44482
      0.56   0.938157   0.292253   0.445671
      0.57   0.936222   0.293557   0.446966
      0.58   0.934481   0.294322   0.447652
      0.59   0.934094   0.295721   0.449224
       0.6   0.929967    0.29605   0.449124
      0.61   0.929129   0.297844   0.451087
      0.62   0.928355   0.299743   0.453169
      0.63   0.926872   0.300727   0.454115
      0.64   0.923905   0.302168   0.455396
      0.65   0.921068   0.303432   0.456483
      0.66   0.918617    0.30516   0.458131
      0.67   0.918359   0.306801   0.459945
      0.68    0.91449   0.309124   0.462058
      0.69   0.914297   0.309804   0.462793
       0.7   0.911266   0.312265    0.46514
      0.71   0.909976   0.314466   0.467407
      0.72   0.909331   0.315316   0.468261
      0.73   0.907074   0.317507   0.470369
      0.74   0.906236   0.318489   0.471332
      0.75   0.903527   0.321509   0.474259
      0.76   0.902625   0.323646   0.476454
      0.77   0.901141   0.326563   0.479398
      0.78   0.900561   0.328583   0.481488
      0.79   0.898175   0.330728   0.483441
       0.8   0.896176   0.332098   0.484612
      0.81   0.893338   0.335174   0.487458
      0.82   0.884762   0.337559   0.488676
      0.83   0.883601    0.33933    0.49035
      0.84   0.878893   0.342419    0.49283
      0.85    0.87741   0.343847   0.494072
      0.86   0.870639   0.346784   0.496005
      0.87   0.869091   0.348559   0.497564
      0.88   0.865932   0.352289   0.500826
      0.89   0.862836   0.354809   0.502843
       0.9   0.861031   0.357659   0.505387
      0.91      0.858   0.361397   0.508577
      0.92   0.856839   0.363233   0.510187
      0.93   0.855485   0.365979   0.512646
      0.94   0.851422   0.367387    0.51329
      0.95   0.845489   0.370622   0.515342
      0.96   0.843748   0.372536   0.516864
      0.97    0.84104    0.37519   0.518898
      0.98   0.839169   0.377043   0.520309
      0.99   0.834462   0.380232   0.522418
