         0          1   0.193017   0.323578
      0.01   0.928645   0.257515   0.403217
      0.02   0.928645   0.257515   0.403217
      0.03   0.928645   0.257515   0.403217
      0.04   0.928645   0.257515   0.403217
      0.05   0.928645   0.257515   0.403217
      0.06   0.928645   0.257535   0.403242
      0.07   0.928645   0.257575    0.40329
      0.08   0.928645   0.257594   0.403315
      0.09   0.928645   0.257634   0.403363
       0.1   0.928645   0.257753   0.403509
      0.11   0.928645   0.257992   0.403802
      0.12   0.928281   0.258234   0.404064
      0.13   0.928281   0.258657   0.404581
      0.14   0.928281   0.259058   0.405072
      0.15    0.92816   0.259516   0.405619
      0.16   0.928038   0.259855   0.406022
      0.17   0.927553   0.260409   0.406652
      0.18   0.927553   0.261191   0.407604
      0.19   0.926218    0.26195   0.408398
       0.2   0.925733   0.262614   0.409158
      0.21   0.924944   0.262904   0.409432
      0.22   0.924094    0.26253   0.408896
      0.23   0.923002   0.263313   0.409736
      0.24   0.920939   0.264416   0.410866
      0.25   0.919544   0.264716   0.411088
      0.26   0.915903   0.265114   0.411203
      0.27   0.912809   0.264318   0.409933
      0.28   0.905831   0.263768   0.408566
      0.29   0.903525   0.264872   0.409653
       0.3   0.893271   0.265698   0.409572
      0.31   0.886779   0.266415   0.409734
      0.32   0.883138    0.26694   0.409963
      0.33   0.878769   0.268593   0.411433
      0.34   0.874886   0.269834   0.412457
      0.35   0.869183    0.27149   0.413746
      0.36    0.86627   0.273481    0.41572
      0.37    0.85996   0.276678   0.418659
      0.38    0.85462   0.278003   0.419534
      0.39   0.847825   0.281068   0.422177
       0.4   0.842425   0.284302    0.42513
      0.41   0.832474   0.287071   0.426922
      0.42   0.825132   0.292299   0.431678
      0.43   0.821977   0.295056   0.434238
      0.44   0.818518   0.299374   0.438402
      0.45   0.816213   0.303177   0.442129
      0.46   0.811055   0.307511   0.445943
      0.47   0.807111   0.310847   0.448833
      0.48     0.8025   0.316664    0.45413
      0.49   0.799284   0.319051   0.456057
       0.5   0.794551   0.322964   0.459254
      0.51   0.791335   0.328519    0.46429
      0.52   0.790789   0.331736   0.467398
      0.53   0.783751   0.335281   0.469651
      0.54   0.780414   0.336827    0.47056
      0.55   0.775681   0.339475   0.472264
      0.56   0.774953   0.341527    0.47411
      0.57   0.768097   0.344659   0.475813
      0.58   0.763728   0.347461   0.477624
      0.59   0.754505   0.351066   0.479175
       0.6   0.749833   0.353015   0.480034
      0.61   0.744372   0.356366   0.481984
      0.62   0.741642   0.359585   0.484338
      0.63   0.736484   0.362221   0.485608
      0.64   0.726109   0.366686    0.48729
      0.65   0.723803   0.370653   0.490253
      0.66    0.72168   0.375026   0.493566
      0.67   0.721073   0.380063   0.497764
      0.68   0.717554   0.384183   0.500432
      0.69   0.713488   0.386593   0.501472
       0.7   0.710515   0.390981   0.504401
      0.71   0.706511   0.396902    0.50827
      0.72   0.705964    0.40061   0.511157
      0.73   0.701292   0.405152   0.513591
      0.74   0.696074   0.408723    0.51503
      0.75   0.693162   0.413323   0.517856
      0.76   0.688368   0.415768   0.518417
      0.77   0.684789   0.423331   0.523214
      0.78   0.683029   0.426538   0.525138
      0.79   0.677932   0.430223   0.526392
       0.8    0.67059   0.431774   0.525313
      0.81   0.660518   0.435233   0.524717
      0.82   0.658637   0.441805   0.528859
      0.83   0.654451   0.445551   0.530165
      0.84   0.647716   0.448575   0.530058
      0.85   0.645531   0.454402   0.533361
      0.86   0.642861   0.460988   0.536942
      0.87   0.639767   0.463696   0.537685
      0.88   0.628603   0.470051   0.537886
      0.89   0.626782     0.4745   0.540113
       0.9   0.624295   0.482345   0.544216
      0.91   0.620229   0.488212   0.546359
      0.92   0.613373   0.490775   0.545268
      0.93   0.612159   0.499054   0.549851
      0.94   0.606941    0.50365   0.550492
      0.95   0.605667   0.510012   0.553739
      0.96   0.599964   0.515176   0.554346
      0.97   0.597537   0.522541   0.557528
      0.98   0.592682   0.526819   0.557813
      0.99   0.587828   0.530985   0.557963
