         0          1   0.150167   0.261123
      0.01    0.86735   0.162343   0.273495
      0.02    0.86735   0.162343   0.273495
      0.03    0.86735   0.162343   0.273495
      0.04    0.86735   0.162351   0.273507
      0.05    0.86735   0.162351   0.273507
      0.06    0.86735   0.162359   0.273518
      0.07    0.86735   0.162359   0.273518
      0.08    0.86735   0.162367   0.273529
      0.09    0.86735   0.162367   0.273529
       0.1    0.86735   0.162383   0.273552
      0.11    0.86735   0.162423   0.273609
      0.12    0.86735   0.162423   0.273609
      0.13    0.86735   0.162422   0.273608
      0.14    0.86735   0.162454   0.273653
      0.15    0.86735   0.162559   0.273802
      0.16    0.86735   0.162583   0.273836
      0.17    0.86735    0.16268   0.273973
      0.18    0.86735   0.162719   0.274029
      0.19    0.86735   0.162824   0.274178
       0.2    0.86735   0.162913   0.274304
      0.21   0.866875   0.163018   0.274428
      0.22   0.866875   0.163095   0.274539
      0.23   0.866875   0.163184   0.274664
      0.24   0.866875   0.163295   0.274821
      0.25   0.866496   0.163257   0.274749
      0.26   0.866116   0.163399   0.274931
      0.27   0.865642   0.163385   0.274887
      0.28   0.865642   0.163729   0.275373
      0.29   0.865452   0.163848   0.275533
       0.3   0.864883   0.164082   0.275833
      0.31   0.864029   0.164036   0.275726
      0.32    0.86327   0.163898   0.275492
      0.33    0.86289   0.163781   0.275307
      0.34    0.86289   0.163802   0.275338
      0.35   0.862511   0.163666   0.275125
      0.36   0.861562   0.163739    0.27518
      0.37    0.85919   0.163359   0.274522
      0.38    0.85881   0.163563   0.274792
      0.39   0.853402   0.163508   0.274435
       0.4   0.852168   0.163856   0.274861
      0.41   0.851789   0.164051   0.275115
      0.42    0.85027   0.164544   0.275729
      0.43   0.849511   0.164658   0.275849
      0.44   0.848468   0.165162     0.2765
      0.45   0.844957   0.165401   0.276648
      0.46   0.844293   0.165697   0.277026
      0.47   0.843439   0.165746   0.277048
      0.48   0.841067   0.166182   0.277529
      0.49   0.839169    0.16614   0.277367
       0.5    0.83784    0.16657   0.277892
      0.51   0.834614   0.166863   0.278121
      0.52    0.83376   0.167368   0.278775
      0.53   0.831863   0.167526   0.278888
      0.54   0.829206   0.167534   0.278749
      0.55   0.821994   0.168261   0.279341
      0.56   0.820002   0.168615   0.279713
      0.57   0.819243   0.169238   0.280525
      0.58    0.81763   0.169164   0.280329
      0.59   0.816396   0.169092   0.280157
       0.6   0.811272   0.169102   0.279869
      0.61   0.807762   0.169118    0.27968
      0.62   0.804915   0.169499    0.28003
      0.63   0.802733    0.16998   0.280552
      0.64   0.799791   0.170583   0.281193
      0.65   0.796945   0.170651   0.281108
      0.66   0.790967   0.171101   0.281342
      0.67   0.789164   0.171307   0.281507
      0.68   0.786982   0.171105   0.281094
      0.69   0.782807   0.170944    0.28061
       0.7   0.774457   0.171067   0.280234
      0.71   0.763735   0.171847   0.280564
      0.72   0.756713   0.171934   0.280203
      0.73   0.748268   0.172186   0.279952
      0.74   0.740583   0.171766   0.278856
      0.75     0.7347   0.171954   0.278683
      0.76   0.727014   0.172108   0.278327
      0.77   0.721131   0.172609   0.278546
      0.78   0.715153   0.173151     0.2788
      0.79    0.71373   0.173638   0.279322
       0.8   0.711642   0.174111   0.279772
      0.81   0.703957   0.174805   0.280065
      0.82   0.698074   0.175091   0.279962
      0.83   0.694753   0.175048   0.279639
      0.84    0.69257   0.175192   0.279646
      0.85   0.689439   0.175388   0.279638
      0.86   0.686308   0.176056   0.280226
      0.87   0.681374   0.176057   0.279814
      0.88   0.678053   0.176808   0.280479
      0.89   0.674163   0.177607   0.281146
       0.9   0.662112    0.17709   0.279441
      0.91   0.653857   0.177215   0.278853
      0.92   0.651959   0.177411   0.278922
      0.93   0.646361   0.177764   0.278841
      0.94   0.639719   0.177816   0.278282
      0.95   0.635734   0.177985   0.278109
      0.96   0.633267   0.178181   0.278111
      0.97   0.626625   0.178262   0.277563
      0.98   0.623873   0.178737   0.277867
      0.99   0.619224   0.178458   0.277066
