         0          1   0.282356    0.44037
      0.01   0.895439   0.345432   0.498542
      0.02   0.895439   0.345432   0.498542
      0.03   0.895439   0.345432   0.498542
      0.04   0.895439   0.345432   0.498542
      0.05   0.895439   0.345432   0.498542
      0.06   0.895439   0.345432   0.498542
      0.07   0.895439   0.345432   0.498542
      0.08   0.895439   0.345432   0.498542
      0.09   0.895439   0.345432   0.498542
       0.1   0.895439   0.345432   0.498542
      0.11   0.895439   0.345448   0.498559
      0.12   0.895439   0.345448   0.498559
      0.13   0.895439   0.345433   0.498544
      0.14   0.895439   0.345433   0.498544
      0.15   0.895439   0.345403   0.498512
      0.16   0.895439   0.345388   0.498497
      0.17   0.895214    0.34539   0.498463
      0.18   0.895214   0.345455   0.498531
      0.19   0.895214   0.345489   0.498566
       0.2   0.895214    0.34546   0.498536
      0.21   0.894876   0.345447    0.49847
      0.22   0.894876   0.345515   0.498541
      0.23   0.894876   0.345533    0.49856
      0.24   0.894876   0.345587   0.498616
      0.25   0.894876   0.345625   0.498655
      0.26   0.894876   0.345684   0.498717
      0.27   0.894876   0.345754    0.49879
      0.28   0.894876   0.345991   0.499036
      0.29   0.894876   0.346067   0.499115
       0.3   0.894876   0.346497   0.499563
      0.31   0.894876   0.347132   0.500222
      0.32   0.894876   0.347356   0.500455
      0.33   0.894144   0.347636   0.500631
      0.34   0.893975   0.347944   0.500924
      0.35   0.893975   0.348479   0.501478
      0.36   0.893694   0.348971   0.501943
      0.37   0.893525    0.34962   0.502587
      0.38     0.8933   0.350056   0.503001
      0.39   0.893018   0.350381   0.503292
       0.4   0.892962   0.350855   0.503772
      0.41   0.892849   0.351835   0.504763
      0.42   0.892736   0.352167   0.505088
      0.43   0.892511   0.352138   0.505022
      0.44   0.891948   0.353117   0.505937
      0.45   0.890766   0.353141   0.505771
      0.46   0.888345   0.353838   0.506094
      0.47   0.886543   0.353985   0.505951
      0.48    0.88643   0.354574   0.506534
      0.49   0.884741    0.35519   0.506885
       0.5   0.883446    0.35596   0.507455
      0.51   0.880068   0.356114   0.507052
      0.52   0.878716   0.356467   0.507185
      0.53   0.877477   0.357335   0.507856
      0.54   0.877083     0.3584   0.508864
      0.55   0.876239   0.359318   0.509646
      0.56   0.875732   0.360286   0.510533
      0.57   0.875225   0.361123   0.511286
      0.58   0.874437    0.36188   0.511909
      0.59   0.872072   0.363501   0.513121
       0.6   0.871903   0.364785    0.51437
      0.61     0.8692   0.365662   0.514768
      0.62   0.867624   0.367447   0.516255
      0.63   0.867399    0.36799    0.51675
      0.64   0.866441   0.369384   0.517953
      0.65   0.865766   0.370231   0.518664
      0.66    0.86509   0.371692   0.519974
      0.67   0.860867     0.3722   0.519703
      0.68   0.857714   0.373164   0.520064
      0.69   0.856475   0.374041   0.520687
       0.7   0.851914   0.374909   0.520679
      0.71   0.850845   0.376172   0.521694
      0.72   0.847973   0.377431    0.52236
      0.73   0.844764   0.378613   0.522879
      0.74   0.844482   0.378987    0.52318
      0.75   0.843074   0.380664   0.524504
      0.76    0.83857   0.381231   0.524166
      0.77   0.836655   0.382027   0.524542
      0.78   0.835529   0.382755   0.525006
      0.79   0.832545   0.383873   0.525464
       0.8   0.828941   0.384367   0.525205
      0.81   0.828378   0.384845   0.525538
      0.82   0.825169    0.38543   0.525434
      0.83   0.824043   0.386461   0.526162
      0.84   0.823423   0.387536    0.52703
      0.85   0.822128   0.388177   0.527357
      0.86   0.818018   0.388889   0.527163
      0.87   0.817342   0.388744    0.52689
      0.88   0.813514   0.389485   0.526769
      0.89   0.810248   0.390035   0.526585
       0.9   0.808108   0.391376    0.52735
      0.91   0.803773   0.392482   0.527423
      0.92   0.802252   0.392901   0.527473
      0.93   0.797072   0.392567   0.526049
      0.94   0.793975   0.393266   0.525999
      0.95   0.790541   0.393514   0.525463
      0.96   0.787275    0.39399   0.525163
      0.97    0.78598    0.39487   0.525655
      0.98   0.782432    0.39526   0.525204
      0.99   0.776633   0.395893   0.524447
