         0          1   0.230724    0.37494
      0.01   0.822559   0.203225   0.325926
      0.02   0.822559   0.203225   0.325926
      0.03   0.822559   0.203225   0.325926
      0.04   0.822559   0.203225   0.325926
      0.05   0.822559   0.203225   0.325926
      0.06   0.822559   0.203233   0.325935
      0.07   0.822559   0.203255   0.325964
      0.08   0.822559   0.203262   0.325974
      0.09   0.822559    0.20327   0.325983
       0.1   0.822559   0.203248   0.325955
      0.11   0.822559   0.203293   0.326012
      0.12   0.822559   0.203286   0.326004
      0.13   0.822559   0.203286   0.326004
      0.14   0.822559   0.203324   0.326053
      0.15   0.822559   0.203399   0.326149
      0.16   0.822559   0.203348   0.326083
      0.17   0.822559   0.203394   0.326142
      0.18   0.822559   0.203416   0.326172
      0.19   0.822559   0.203301   0.326023
       0.2   0.822559   0.203295   0.326015
      0.21   0.821966   0.203174   0.325814
      0.22   0.821797   0.203149   0.325767
      0.23   0.821543   0.203159   0.325761
      0.24    0.82112   0.203089   0.325638
      0.25    0.82112   0.203285   0.325889
      0.26   0.821036   0.203268   0.325861
      0.27   0.821036   0.203294   0.325894
      0.28   0.820866   0.203257   0.325833
      0.29   0.820866    0.20324   0.325811
       0.3   0.820443   0.203176   0.325696
      0.31   0.820443   0.203389    0.32597
      0.32   0.820274   0.203607   0.326237
      0.33   0.820274   0.203638   0.326275
      0.34   0.818836   0.203626   0.326147
      0.35   0.818243   0.203728    0.32623
      0.36   0.818243   0.204106   0.326715
      0.37   0.817651   0.204076   0.326629
      0.38   0.817228   0.204124   0.326657
      0.39   0.816466   0.204116   0.326585
       0.4   0.815789    0.20395   0.326319
      0.41   0.815705   0.204024   0.326407
      0.42   0.813843    0.20409   0.326342
      0.43   0.812743   0.204358   0.326596
      0.44   0.810628    0.20448    0.32658
      0.45   0.809528   0.204613   0.326661
      0.46    0.80792   0.204893   0.326886
      0.47   0.807582   0.205135   0.327165
      0.48   0.806482   0.205283   0.327264
      0.49   0.803774   0.205566     0.3274
       0.5   0.803266   0.205747   0.327586
      0.51   0.801912   0.205886    0.32765
      0.52    0.79802   0.205843    0.32727
      0.53   0.790997   0.205546     0.3263
      0.54   0.788289   0.205864    0.32647
      0.55    0.78245   0.206169   0.326348
      0.56   0.781012   0.206519   0.326661
      0.57   0.776104   0.206484   0.326186
      0.58   0.773143   0.207143   0.326744
      0.59    0.77052   0.207571    0.32704
       0.6   0.768743   0.207945   0.327343
      0.61   0.766204   0.208891   0.328283
      0.62   0.763919   0.208799   0.327959
      0.63   0.756642   0.208962   0.327483
      0.64   0.754273   0.209939   0.328458
      0.65   0.753004   0.210851   0.329452
      0.66   0.750719   0.211518   0.330045
      0.67   0.747588   0.212397   0.330808
      0.68   0.745135   0.212998   0.331295
      0.69   0.744119   0.213303   0.331563
       0.7   0.739719   0.214005   0.331969
      0.71   0.739042   0.215078    0.33319
      0.72   0.736757   0.215509   0.333474
      0.73   0.734981    0.21613   0.334033
      0.74   0.729565   0.216914   0.334403
      0.75   0.726688   0.217946   0.335323
      0.76   0.722203   0.218513   0.335513
      0.77   0.717042   0.219383   0.335973
      0.78   0.714673   0.220203   0.336672
      0.79   0.711626   0.221651   0.338019
       0.8   0.708326   0.222034    0.33809
      0.81   0.702234   0.223089   0.338607
      0.82   0.697749   0.224114    0.33926
      0.83   0.696649   0.225151   0.340316
      0.84   0.688018   0.226096   0.340347
      0.85   0.678795   0.225819   0.338896
      0.86   0.673887   0.226814   0.339396
      0.87   0.670249   0.227203   0.339367
      0.88   0.662379   0.227907   0.339129
      0.89   0.655695   0.228403   0.338792
       0.9   0.652818   0.229666   0.339791
      0.91   0.650279   0.229911   0.339714
      0.92   0.648248   0.230747   0.340347
      0.93   0.644187   0.232057   0.341202
      0.94   0.639871   0.232062   0.340599
      0.95   0.635133    0.23249   0.340384
      0.96   0.632679   0.233734   0.341358
      0.97   0.621933   0.234833   0.340934
      0.98   0.619902   0.234915   0.340715
      0.99   0.617871    0.23579   0.341324
