         0          1   0.253826   0.404882
      0.01   0.934668   0.327958   0.485546
      0.02   0.934668   0.327958   0.485546
      0.03   0.934668   0.327958   0.485546
      0.04   0.934668   0.327958   0.485546
      0.05   0.934668   0.327958   0.485546
      0.06   0.934668   0.327958   0.485546
      0.07   0.934668   0.327958   0.485546
      0.08   0.934668   0.327958   0.485546
      0.09   0.934668   0.327958   0.485546
       0.1   0.934668   0.327991   0.485583
      0.11   0.934668   0.328106   0.485709
      0.12   0.934668   0.328172   0.485781
      0.13   0.934668   0.328354    0.48598
      0.14   0.934614   0.328369   0.485989
      0.15   0.934504   0.328449   0.486062
      0.16   0.934504   0.328696   0.486333
      0.17   0.934176   0.328974   0.486592
      0.18   0.934176   0.329121   0.486753
      0.19   0.934121    0.32955   0.487215
       0.2   0.933902   0.329765   0.487419
      0.21   0.933902   0.330433   0.488149
      0.22   0.933684   0.330475   0.488165
      0.23   0.933246   0.330912   0.488582
      0.24   0.932425   0.331587   0.489204
      0.25   0.931987   0.332148   0.489754
      0.26   0.931659   0.333178   0.490827
      0.27   0.931659   0.333489   0.491165
      0.28   0.929306   0.334434    0.49186
      0.29    0.92854   0.335143   0.492519
       0.3   0.927774   0.336292    0.49365
      0.31   0.926242   0.337341   0.494561
      0.32   0.925202   0.338019    0.49514
      0.33   0.924655   0.339993   0.497176
      0.34    0.92378   0.340774   0.497883
      0.35   0.922193   0.343195   0.500229
      0.36   0.920989   0.344581   0.501522
      0.37   0.919019   0.346211   0.502951
      0.38    0.91891   0.347476   0.504268
      0.39   0.916995   0.349851   0.506473
       0.4    0.91404   0.350911   0.507129
      0.41   0.912672   0.352533   0.508609
      0.42   0.910921   0.354038   0.509899
      0.43   0.908569   0.355138   0.510668
      0.44   0.905997    0.35821   0.513424
      0.45   0.905286   0.360104   0.515251
      0.46   0.901072   0.362117   0.516619
      0.47   0.900142   0.363286   0.517653
      0.48   0.897625   0.365972   0.519953
      0.49   0.894561   0.368304   0.521782
       0.5   0.889746   0.369749   0.522404
      0.51   0.884384   0.371254   0.522971
      0.52   0.881429   0.372994   0.524174
      0.53   0.879186   0.375998   0.526731
      0.54   0.876942   0.377399   0.527698
      0.55   0.870212   0.379005   0.528034
      0.56   0.863646   0.380036   0.527815
      0.57   0.859816   0.381455    0.52846
      0.58   0.858229   0.382594   0.529251
      0.59   0.854016   0.385142   0.530872
       0.6   0.850186   0.387081   0.531964
      0.61   0.842745   0.389544   0.532807
      0.62   0.837054   0.390907   0.532932
      0.63   0.834756   0.391979   0.533459
      0.64   0.830433   0.393937   0.534378
      0.65   0.827205   0.396416   0.535978
      0.66   0.821624   0.399231   0.537358
      0.67   0.818998   0.400947   0.538344
      0.68   0.808711   0.403057   0.537985
      0.69   0.802473   0.405226   0.538516
       0.7   0.796017   0.406816    0.53845
      0.71   0.789451   0.407923   0.537902
      0.72   0.786551   0.409137    0.53828
      0.73   0.783104   0.412244   0.540144
      0.74   0.778179   0.413504   0.540043
      0.75   0.771777   0.414539    0.53937
      0.76     0.7703   0.416639   0.540781
      0.77   0.765211   0.418531   0.541106
      0.78    0.76357   0.420537   0.542366
      0.79   0.759411   0.423404   0.543682
       0.8   0.752408   0.424962   0.543151
      0.81   0.749562   0.427278   0.544291
      0.82   0.741628   0.429346   0.543846
      0.83   0.735993      0.432   0.544436
      0.84   0.730138   0.435216   0.545358
      0.85   0.729317   0.437217   0.546696
      0.86   0.725159   0.439883   0.547594
      0.87   0.723791   0.441311   0.548307
      0.88   0.716787   0.444719   0.548889
      0.89   0.711042     0.4461    0.54824
       0.9   0.704695   0.447193   0.547162
      0.91   0.696542   0.449368   0.546297
      0.92   0.693149   0.450507   0.546089
      0.93   0.685544   0.453045   0.545557
      0.94   0.681768   0.454712   0.545558
      0.95    0.67575   0.457801   0.545823
      0.96   0.671099   0.458734   0.544958
      0.97   0.664204   0.462357   0.545198
      0.98   0.659116   0.463666   0.544379
      0.99    0.65638   0.466622   0.545469
