         0          1   0.418411   0.589971
      0.01   0.973796   0.555362   0.707329
      0.02   0.973796   0.555362   0.707329
      0.03   0.973796   0.555362   0.707329
      0.04   0.973796   0.555362   0.707329
      0.05   0.973796   0.555362   0.707329
      0.06   0.973796   0.555362   0.707329
      0.07   0.973796   0.555362   0.707329
      0.08   0.973796   0.555362   0.707329
      0.09   0.973796   0.555362   0.707329
       0.1   0.973796   0.555362   0.707329
      0.11   0.973796   0.555362   0.707329
      0.12   0.973796   0.555362   0.707329
      0.13   0.973796    0.55539   0.707353
      0.14   0.973796   0.555419   0.707376
      0.15   0.973796   0.555447   0.707399
      0.16   0.973796   0.555476   0.707422
      0.17   0.973796   0.555476   0.707422
      0.18   0.973796   0.555504   0.707445
      0.19   0.973796   0.555533   0.707468
       0.2   0.973796    0.55559   0.707514
      0.21   0.973796   0.555595   0.707519
      0.22   0.973796   0.555607   0.707528
      0.23   0.973796   0.555607   0.707528
      0.24   0.973796   0.555635   0.707551
      0.25   0.973796   0.555664   0.707574
      0.26   0.973796   0.555573     0.7075
      0.27   0.973796   0.555601   0.707523
      0.28   0.973796   0.555613   0.707533
      0.29   0.973796   0.555647    0.70756
       0.3   0.973796   0.555692   0.707597
      0.31   0.973796   0.555755   0.707648
      0.32   0.973796   0.555675   0.707584
      0.33   0.973796   0.555864   0.707736
      0.34   0.973796   0.555887   0.707755
      0.35   0.973796   0.556001   0.707848
      0.36   0.973796   0.556042    0.70788
      0.37   0.973796   0.556236   0.708038
      0.38   0.973796   0.556311   0.708099
      0.39   0.973796   0.556489   0.708243
       0.4   0.973796   0.556696   0.708411
      0.41   0.973796   0.556916   0.708588
      0.42   0.973796   0.557274   0.708878
      0.43   0.973796   0.557321   0.708916
      0.44   0.973796   0.557548     0.7091
      0.45   0.973669   0.557619   0.709123
      0.46   0.973669   0.557748   0.709228
      0.47   0.973669   0.557697   0.709187
      0.48   0.973606   0.557712   0.709182
      0.49   0.973606   0.557963   0.709385
       0.5   0.973606   0.558372   0.709716
      0.51   0.973606   0.558505   0.709823
      0.52   0.973258   0.558688   0.709878
      0.53   0.972878   0.558836   0.709896
      0.54   0.972751   0.558973   0.709974
      0.55   0.972688    0.55919   0.710132
      0.56   0.972656   0.559195   0.710127
      0.57   0.972498   0.559029   0.709951
      0.58   0.972372    0.55912   0.709991
      0.59   0.972213   0.559531    0.71028
       0.6   0.972055   0.559692   0.710367
      0.61   0.971169   0.559898   0.710296
      0.62   0.970758   0.560228   0.710452
      0.63   0.970726   0.560421   0.710599
      0.64   0.970726   0.560604   0.710746
      0.65   0.970504   0.560504   0.710606
      0.66   0.970251   0.560573   0.710593
      0.67   0.969998    0.56071   0.710635
      0.68   0.969587   0.560922   0.710695
      0.69   0.969523   0.560791   0.710573
       0.7   0.969428   0.561067   0.710769
      0.71   0.969239   0.561372   0.710962
      0.72   0.969144   0.561546   0.711077
      0.73   0.968131   0.561247   0.710565
      0.74   0.968068   0.561135   0.710458
      0.75   0.967719   0.560982   0.710241
      0.76   0.967403   0.560878   0.710073
      0.77   0.967308   0.560777   0.709966
      0.78   0.967213   0.560792   0.709953
      0.79   0.966928   0.560719   0.709817
       0.8   0.966928    0.56091    0.70997
      0.81    0.96677   0.560844   0.709874
      0.82   0.966517   0.560671   0.709668
      0.83   0.966264   0.560612   0.709552
      0.84   0.966011   0.560767   0.709608
      0.85   0.965346   0.560973   0.709593
      0.86    0.96484   0.561156   0.709603
      0.87   0.964175    0.56155   0.709738
      0.88   0.963447   0.561617   0.709594
      0.89   0.963257   0.561632   0.709554
       0.9   0.962339   0.561367   0.709094
      0.91   0.961611   0.561507   0.709008
      0.92   0.961073   0.561832    0.70912
      0.93   0.959238   0.561738   0.708545
      0.94   0.958668   0.561756   0.708405
      0.95   0.957149   0.561928   0.708126
      0.96   0.956833   0.562292   0.708328
      0.97   0.954966   0.563008   0.708383
      0.98   0.954586   0.563795   0.708901
      0.99   0.953795   0.564977   0.709616
