         0          1   0.223412   0.365227
      0.01   0.963836   0.300399    0.45804
      0.02   0.963836   0.300399    0.45804
      0.03   0.963836   0.300399    0.45804
      0.04   0.963836   0.300399    0.45804
      0.05   0.963836   0.300399    0.45804
      0.06   0.963836   0.300399    0.45804
      0.07   0.963836   0.300399    0.45804
      0.08   0.963836   0.300399    0.45804
      0.09   0.963836   0.300412   0.458055
       0.1   0.963836   0.300382    0.45802
      0.11   0.963836   0.300382    0.45802
      0.12   0.963836   0.300382    0.45802
      0.13   0.963836   0.300382    0.45802
      0.14   0.963836   0.300382    0.45802
      0.15   0.963836   0.300382    0.45802
      0.16   0.963836   0.300407    0.45805
      0.17   0.963836   0.300446   0.458095
      0.18   0.963836   0.300429   0.458075
      0.19   0.963836   0.300425    0.45807
       0.2   0.963625   0.300421   0.458042
      0.21   0.963625   0.300464   0.458092
      0.22   0.963625   0.300369   0.457982
      0.23   0.963625   0.300369   0.457982
      0.24   0.963625   0.300438   0.458062
      0.25   0.963625   0.300568   0.458213
      0.26   0.963625   0.300637   0.458293
      0.27   0.963625   0.300663   0.458323
      0.28   0.963625   0.300793   0.458474
      0.29   0.963625   0.300828   0.458515
       0.3   0.963625   0.300859   0.458551
      0.31   0.963625   0.300959   0.458667
      0.32   0.963625    0.30105   0.458773
      0.33   0.963554    0.30129   0.459043
      0.34   0.963554   0.301378   0.459145
      0.35   0.963414    0.30148   0.459248
      0.36   0.963203   0.301534   0.459286
      0.37   0.963203   0.301863   0.459668
      0.38   0.963132   0.302001    0.45982
      0.39   0.963132   0.302066   0.459895
       0.4   0.963132   0.302252   0.460111
      0.41   0.963132   0.302525   0.460428
      0.42   0.963132   0.302902   0.460864
      0.43   0.963062   0.303137   0.461128
      0.44   0.963062   0.303318   0.461337
      0.45   0.962921   0.303331   0.461336
      0.46   0.962781   0.303314   0.461301
      0.47   0.962781   0.303658   0.461698
      0.48    0.96271   0.303992   0.462076
      0.49   0.962499   0.303968   0.462023
       0.5   0.962288   0.303927   0.461952
      0.51   0.961655   0.304493   0.462533
      0.52   0.961233   0.304612   0.462621
      0.53   0.960318   0.304909   0.462857
      0.54   0.959966   0.305467   0.463458
      0.55   0.959333   0.305764   0.463726
      0.56   0.959052   0.305945   0.463902
      0.57   0.957996   0.306101   0.463957
      0.58   0.957996   0.306488   0.464402
      0.59   0.957644   0.307332   0.465328
       0.6   0.957644   0.307634   0.465675
      0.61    0.95687   0.308617   0.466708
      0.62    0.95687   0.309022   0.467171
      0.63   0.956519   0.309654    0.46785
      0.64   0.955463    0.31016   0.468302
      0.65    0.95476   0.310031    0.46807
      0.66   0.953282   0.310335   0.468238
      0.67    0.95286   0.310745   0.468654
      0.68   0.952297   0.311475   0.469414
      0.69   0.952156   0.312192   0.470212
       0.7   0.951383   0.313052   0.471091
      0.71   0.950046   0.313998   0.471997
      0.72   0.949905   0.314836   0.472926
      0.73   0.949624   0.315433   0.473564
      0.74   0.949553   0.316028   0.474226
      0.75    0.94695   0.316783   0.474748
      0.76   0.946669   0.317827   0.475885
      0.77   0.944839   0.318504    0.47641
      0.78   0.944276   0.319409    0.47735
      0.79   0.943643   0.320769   0.478786
       0.8   0.942166   0.321739   0.479675
      0.81   0.940899   0.322891   0.480788
      0.82   0.939985   0.323385   0.481216
      0.83   0.938718   0.323877   0.481594
      0.84   0.937874   0.324556   0.482232
      0.85   0.936959   0.325786   0.483467
      0.86   0.933582     0.3265   0.483802
      0.87   0.931682   0.327017   0.484112
      0.88   0.930486   0.328266   0.485318
      0.89   0.929712   0.328522   0.485492
       0.9   0.929009   0.330359   0.487397
      0.91   0.925843   0.331958   0.488696
      0.92   0.921269   0.332489    0.48863
      0.93   0.920003   0.332805   0.488793
      0.94    0.91951   0.333743   0.489734
      0.95   0.917188   0.334722   0.490456
      0.96   0.916766   0.335653   0.491394
      0.97   0.914585   0.336893   0.492405
      0.98   0.909238   0.337118   0.491866
      0.99   0.907409   0.338052   0.492591
