         0          1   0.176689   0.300316
      0.01   0.895784   0.164345   0.277736
      0.02   0.895784   0.164345   0.277736
      0.03   0.895784   0.164345   0.277736
      0.04   0.895784   0.164345   0.277736
      0.05   0.895784   0.164345   0.277736
      0.06   0.895784   0.164345   0.277736
      0.07   0.895784   0.164352   0.277746
      0.08   0.895784   0.164381   0.277787
      0.09   0.895784   0.164403   0.277818
       0.1   0.895784   0.164417   0.277838
      0.11   0.895784   0.164424   0.277848
      0.12   0.895784   0.164467    0.27791
      0.13   0.895784   0.164532   0.278002
      0.14   0.895784    0.16459   0.278085
      0.15   0.895784   0.164639   0.278156
      0.16   0.895784   0.164733   0.278289
      0.17   0.895784   0.164892   0.278516
      0.18   0.895784   0.164913   0.278546
      0.19   0.895784   0.165086   0.278793
       0.2   0.895619   0.165114   0.278824
      0.21   0.895208   0.165178   0.278895
      0.22   0.894633   0.165189   0.278884
      0.23   0.893893   0.165157   0.278802
      0.24   0.892332   0.165152   0.278719
      0.25   0.891921   0.165192   0.278756
      0.26   0.889126   0.164851   0.278134
      0.27   0.889126    0.16504   0.278403
      0.28   0.887236   0.165031   0.278297
      0.29   0.886085   0.164865   0.278005
       0.3   0.883291   0.164898   0.277913
      0.31   0.881894   0.165304    0.27842
      0.32   0.879428   0.165467   0.278528
      0.33   0.877044   0.165603   0.278601
      0.34   0.875072   0.165675   0.278602
      0.35   0.871291   0.165743   0.278507
      0.36   0.869483   0.166277   0.279167
      0.37   0.865456   0.166908   0.279846
      0.38   0.863812   0.167397   0.280447
      0.39   0.861346   0.167643   0.280662
       0.4   0.858552   0.168216   0.281314
      0.41   0.854442   0.168363   0.281298
      0.42   0.852881   0.169144   0.282302
      0.43   0.850333   0.169851   0.283145
      0.44   0.847785   0.170853   0.284393
      0.45   0.844086   0.171217   0.284687
      0.46   0.835292   0.172358   0.285753
      0.47   0.832087   0.173278   0.286826
      0.48   0.828388   0.173766   0.287272
      0.49   0.819676   0.173972   0.287024
       0.5   0.812772   0.174349    0.28711
      0.51   0.810635   0.175108   0.288004
      0.52   0.807594    0.17563   0.288516
      0.53   0.799375   0.176292   0.288877
      0.54   0.791732   0.176952   0.289255
      0.55   0.787293   0.178585   0.291131
      0.56   0.784499   0.179741   0.292473
      0.57   0.778581   0.180859   0.293532
      0.58   0.776444    0.18206   0.294959
      0.59   0.773321   0.183336   0.296402
       0.6    0.77028   0.185203    0.29861
      0.61   0.766582   0.186964   0.300611
      0.62   0.760828   0.188403   0.302017
      0.63   0.757623   0.189243   0.302841
      0.64   0.754253   0.190718   0.304453
      0.65   0.751048   0.192166    0.30603
      0.66   0.740856   0.194095   0.307602
      0.67   0.737404   0.194831   0.308226
      0.68   0.732227   0.197599   0.311214
      0.69   0.728199   0.198956   0.312525
       0.7   0.723186   0.200328   0.313746
      0.71   0.719076   0.202003   0.315403
      0.72   0.713734   0.203578   0.316797
      0.73    0.70157   0.204305   0.316455
      0.74   0.697214   0.205671   0.317641
      0.75   0.695077   0.207921   0.320091
      0.76   0.690885    0.20879   0.320671
      0.77   0.683735   0.210895    0.32236
      0.78   0.679872    0.21319   0.324595
      0.79    0.67494   0.215977   0.327239
       0.8   0.671242   0.218006    0.32912
      0.81   0.669352   0.221328   0.332659
      0.82   0.662201   0.224295   0.335091
      0.83   0.660557   0.225806   0.336562
      0.84   0.657023   0.228547   0.339128
      0.85   0.652338   0.229218   0.339236
      0.86   0.648804   0.231236   0.340954
      0.87   0.645599   0.232642   0.342032
      0.88   0.632613   0.234251   0.341899
      0.89   0.622997   0.235492   0.341789
       0.9   0.618065   0.239058   0.344766
      0.91    0.61675   0.241743   0.347341
      0.92   0.613463   0.242631   0.347731
      0.93   0.602942   0.244956   0.348377
      0.94   0.600066    0.24722   0.350173
      0.95   0.595381   0.249843   0.351982
      0.96   0.586915   0.252079   0.352682
      0.97   0.578943   0.254629   0.353696
      0.98   0.575162   0.257353   0.355596
      0.99   0.565793   0.260929    0.35715
