         0          1   0.263807   0.417479
      0.01   0.966686   0.450378   0.614474
      0.02   0.966686   0.450378   0.614474
      0.03   0.966686   0.450378   0.614474
      0.04   0.966686   0.450378   0.614474
      0.05   0.966686   0.450378   0.614474
      0.06   0.966686   0.450437   0.614529
      0.07   0.966686   0.450437   0.614529
      0.08   0.966686   0.450497   0.614584
      0.09   0.966686   0.450556   0.614639
       0.1   0.966686   0.450823   0.614887
      0.11   0.966686    0.45113   0.615173
      0.12   0.966686    0.45157   0.615582
      0.13   0.966686   0.451879   0.615869
      0.14   0.966686   0.452405   0.616357
      0.15   0.966686   0.453172   0.617068
      0.16   0.966686   0.453954   0.617793
      0.17   0.966686   0.455278   0.619018
      0.18   0.966686   0.455923   0.619614
      0.19   0.966686   0.457721   0.621273
       0.2   0.966686   0.458723   0.622195
      0.21   0.966686   0.460238   0.623587
      0.22   0.966497   0.461925   0.625095
      0.23   0.966421   0.463145   0.626194
      0.24   0.966308   0.464948   0.627817
      0.25   0.966232   0.465898   0.628666
      0.26   0.966195     0.4688   0.631294
      0.27   0.966195   0.470189   0.632553
      0.28   0.966157   0.472295   0.634447
      0.29   0.966119   0.473423   0.635457
       0.3   0.966006   0.475851   0.637615
      0.31   0.965703   0.477289   0.638839
      0.32   0.965703   0.479207   0.640555
      0.33   0.965212   0.481363   0.642369
      0.34   0.965212   0.483333   0.644121
      0.35   0.964835    0.48642   0.646772
      0.36    0.96457    0.48808   0.648177
      0.37   0.964004   0.490919   0.650547
      0.38   0.963815   0.492113   0.651551
      0.39   0.963135    0.49434   0.653344
       0.4   0.962757   0.495893   0.654611
      0.41   0.962229   0.498044   0.656359
      0.42    0.96136   0.499842   0.657716
      0.43   0.960793   0.501314   0.658856
      0.44   0.960415   0.503866   0.660967
      0.45   0.959547   0.505032   0.661762
      0.46   0.959093   0.507349    0.66364
      0.47   0.957809   0.508646    0.66444
      0.48   0.954863   0.509102   0.664118
      0.49   0.954297    0.51135    0.66589
       0.5   0.952106   0.511997   0.665903
      0.51   0.949386   0.513197   0.666249
      0.52    0.94848   0.514838   0.667406
      0.53   0.945647   0.516727   0.668285
      0.54   0.943569    0.51819   0.668986
      0.55   0.940585   0.519185   0.669061
      0.56   0.938319   0.520044   0.669199
      0.57   0.936317   0.522569   0.670772
      0.58   0.935071   0.523729   0.671406
      0.59   0.933409   0.526411   0.673175
       0.6     0.9322    0.52778   0.673977
      0.61   0.931445   0.530447   0.675949
      0.62   0.930652   0.533327   0.678072
      0.63   0.930198   0.535068   0.679356
      0.64   0.926157   0.537416    0.68016
      0.65   0.925212   0.538831   0.681036
      0.66    0.91932   0.540372   0.680657
      0.67   0.919207   0.542432   0.682257
      0.68   0.915807   0.544166   0.682686
      0.69   0.912899   0.546022   0.683331
       0.7   0.908669     0.5479   0.683606
      0.71   0.906478   0.550688   0.685147
      0.72   0.905231   0.552272   0.686014
      0.73   0.902701   0.554434   0.686948
      0.74   0.898961   0.555976   0.687041
      0.75   0.894769   0.557008   0.686598
      0.76   0.892842    0.55865   0.687274
      0.77   0.889632   0.560288   0.687555
      0.78   0.887856   0.562538   0.688713
      0.79   0.885515     0.5645   0.689473
       0.8   0.882984    0.56648   0.690176
      0.81   0.879622   0.568516   0.690651
      0.82   0.872899   0.571337   0.690634
      0.83   0.868329   0.573325   0.690643
      0.84   0.865836   0.575102   0.691139
      0.85   0.862512   0.576364   0.690985
      0.86   0.856506   0.578114   0.690299
      0.87   0.851558    0.57968   0.689796
      0.88   0.840151   0.583356   0.688591
      0.89     0.8383    0.58414   0.688514
       0.9   0.833012   0.585696   0.687797
      0.91   0.830217   0.589283   0.689303
      0.92   0.826516   0.589747    0.68834
      0.93   0.820888   0.591583   0.687622
      0.94   0.815335   0.592875   0.686534
      0.95   0.810689   0.596561   0.687334
      0.96    0.80559   0.598493   0.686769
      0.97   0.799736   0.600375   0.685862
      0.98   0.795996   0.601353   0.685119
      0.99   0.789462   0.603547   0.684098
