         0          1   0.181029   0.306561
      0.01   0.785006   0.194347    0.31156
      0.02   0.785006   0.194347    0.31156
      0.03   0.785006   0.194347    0.31156
      0.04   0.785006   0.194347    0.31156
      0.05   0.785006   0.194347    0.31156
      0.06   0.785006   0.194347    0.31156
      0.07   0.785006   0.194347    0.31156
      0.08   0.785006   0.194356   0.311572
      0.09   0.785006   0.194356   0.311572
       0.1   0.785006   0.194365   0.311584
      0.11   0.785006   0.194384   0.311607
      0.12   0.785006   0.194402    0.31163
      0.13   0.785006   0.194429   0.311665
      0.14   0.785006   0.194438   0.311677
      0.15   0.785006   0.194464    0.31171
      0.16   0.785006   0.194444   0.311685
      0.17   0.785006   0.194406   0.311635
      0.18   0.785006   0.194394    0.31162
      0.19   0.785006   0.194465   0.311712
       0.2   0.785006   0.194492   0.311747
      0.21   0.783498   0.194434   0.311553
      0.22   0.783498   0.194534   0.311681
      0.23   0.783498    0.19456   0.311715
      0.24   0.783175   0.194546   0.311671
      0.25   0.783175   0.194636   0.311786
      0.26   0.782421   0.194636   0.311727
      0.27   0.782421   0.194789   0.311923
      0.28   0.781775   0.194967   0.312099
      0.29   0.781775   0.194941   0.312066
       0.3   0.781452   0.194786   0.311842
      0.31   0.781344   0.194728   0.311758
      0.32   0.781129   0.194652   0.311644
      0.33   0.780483   0.194824   0.311814
      0.34   0.780483   0.194995   0.312032
      0.35   0.778975   0.195111    0.31206
      0.36   0.777897   0.195333   0.312257
      0.37   0.776928    0.19539   0.312252
      0.38    0.77682    0.19557   0.312473
      0.39   0.776282   0.195876   0.312819
       0.4   0.774882   0.195873   0.312702
      0.41   0.773697   0.196088   0.312879
      0.42   0.773589    0.19649   0.313382
      0.43   0.773266   0.197028   0.314039
      0.44   0.772835   0.197624    0.31476
      0.45   0.772835   0.197944   0.315165
      0.46   0.771435   0.198283   0.315478
      0.47   0.770465   0.198365   0.315501
      0.48   0.769819    0.19807   0.315074
      0.49   0.767988   0.198081   0.314934
       0.5   0.766803   0.198223   0.315013
      0.51   0.764864   0.198531   0.315238
      0.52   0.763464   0.198431   0.314992
      0.53   0.761094   0.198251   0.314565
      0.54   0.760987   0.198958   0.315444
      0.55   0.756032    0.19896   0.315019
      0.56   0.755062   0.199081   0.315087
      0.57   0.752477   0.199117   0.314905
      0.58   0.752477    0.19922   0.315034
      0.59   0.751185   0.199541   0.315322
       0.6   0.749246   0.199627   0.315257
      0.61   0.748061   0.199911   0.315507
      0.62   0.746661   0.200134    0.31566
      0.63   0.742891   0.200518   0.315798
      0.64   0.739229   0.200729   0.315726
      0.65   0.735997   0.201101    0.31589
      0.66   0.734489   0.201181    0.31585
      0.67   0.734059    0.20161   0.316337
      0.68   0.732012   0.201979   0.316601
      0.69   0.730827   0.202076   0.316609
       0.7   0.723611   0.202253   0.316143
      0.71   0.721241   0.203081   0.316925
      0.72   0.716286   0.203264   0.316667
      0.73    0.71564   0.203408   0.316777
      0.74   0.712516   0.203272   0.316306
      0.75     0.7067   0.203771   0.316331
      0.76   0.701206   0.203877   0.315905
      0.77    0.69819   0.204508   0.316352
      0.78   0.696682   0.204686   0.316411
      0.79   0.693667   0.204652   0.316058
       0.8   0.692805   0.204755   0.316091
      0.81    0.68785   0.204646   0.315442
      0.82   0.685804   0.205379   0.316097
      0.83   0.683542   0.205734   0.316275
      0.84   0.678156   0.206195   0.316237
      0.85   0.673093    0.20653   0.316076
      0.86   0.668354   0.207384   0.316547
      0.87   0.660707    0.20771   0.316059
      0.88    0.65866     0.2081   0.316275
      0.89   0.653274   0.208693   0.316331
       0.9   0.652844   0.210484   0.318333
      0.91   0.649828   0.211055   0.318625
      0.92   0.647135   0.211277   0.318553
      0.93   0.638302   0.211992   0.318278
      0.94   0.636579    0.21264   0.318792
      0.95    0.63464   0.213758   0.319801
      0.96   0.632271   0.213893   0.319651
      0.97   0.630116   0.215064   0.320678
      0.98   0.628931   0.215575   0.321091
      0.99   0.624192   0.216357   0.321333
