         0          1   0.235879   0.381719
      0.01   0.953932   0.368471   0.531602
      0.02   0.953932   0.368471   0.531602
      0.03   0.953932   0.368496   0.531628
      0.04   0.953932   0.368521   0.531654
      0.05   0.953932   0.368521   0.531654
      0.06   0.953932   0.368578   0.531713
      0.07   0.953932   0.368727   0.531869
      0.08   0.953932   0.368952   0.532103
      0.09   0.953932   0.369102   0.532258
       0.1   0.953932   0.369452   0.532622
      0.11   0.953932   0.369961   0.533151
      0.12   0.953932   0.370471   0.533681
      0.13   0.953932   0.371462   0.534708
      0.14   0.953932   0.372079   0.535347
      0.15   0.953861   0.373839   0.537156
      0.16   0.953649   0.374991    0.53831
      0.17   0.953649   0.376844   0.540216
      0.18   0.953649   0.377613   0.541006
      0.19   0.953579   0.379629    0.54306
       0.2   0.953155    0.38123   0.544627
      0.21   0.952378   0.383514   0.546826
      0.22     0.9516   0.386511   0.549736
      0.23   0.951388   0.387657   0.550859
      0.24   0.950117   0.390744   0.553753
      0.25   0.949551   0.393139   0.556056
      0.26   0.946019    0.39695   0.559241
      0.27   0.945453   0.400848   0.562999
      0.28   0.943899   0.406381   0.568152
      0.29   0.943051    0.40888   0.570435
       0.3   0.942132   0.414396   0.575611
      0.31   0.939447   0.418862   0.579395
      0.32   0.938529   0.422218   0.582421
      0.33   0.936763   0.426634   0.586263
      0.34   0.934925   0.430428   0.589471
      0.35   0.932099   0.435165   0.593326
      0.36   0.930333   0.439103   0.596613
      0.37    0.92574   0.443928    0.60009
      0.38   0.922561   0.447459   0.602631
      0.39   0.920158   0.452951    0.60707
       0.4   0.918321   0.457928   0.611118
      0.41   0.915848   0.463511   0.615511
      0.42   0.910337   0.468723   0.618821
      0.43   0.907228   0.471145   0.620204
      0.44    0.89988   0.475393   0.622126
      0.45   0.895499   0.478969    0.62412
      0.46   0.888575   0.486319   0.628602
      0.47   0.882004   0.490477   0.630395
      0.48   0.876705   0.496854   0.634256
      0.49   0.872183   0.501315   0.636679
       0.5   0.863774    0.50671   0.638728
      0.51   0.858405   0.513053   0.642247
      0.52   0.855861   0.518503   0.645777
      0.53   0.847665   0.525639   0.648896
      0.54   0.844203   0.531085   0.651999
      0.55   0.837773   0.537477   0.654839
      0.56   0.833039    0.54246   0.657056
      0.57   0.830425   0.551758      0.663
      0.58   0.826185   0.555593   0.664394
      0.59    0.81269   0.560848   0.663681
       0.6   0.807603   0.566667   0.666014
      0.61   0.800325   0.573307   0.668056
      0.62   0.793966   0.581531   0.671344
      0.63   0.790928   0.584607   0.672294
      0.64   0.781954   0.591239   0.673353
      0.65   0.774606   0.596343   0.673885
      0.66   0.767187   0.603188   0.675374
      0.67   0.765138   0.607864   0.677493
      0.68   0.755953   0.613489   0.677311
      0.69   0.752561   0.618586   0.679028
       0.7   0.747262   0.626533   0.681593
      0.71   0.741539   0.633256   0.683133
      0.72   0.737935   0.637678   0.684153
      0.73    0.73631   0.642633    0.68629
      0.74   0.734544   0.644917   0.686819
      0.75   0.726913   0.650762   0.686733
      0.76    0.72444   0.653836    0.68733
      0.77   0.717728   0.658392    0.68678
      0.78   0.714124    0.66273   0.687468
      0.79   0.711439    0.66783   0.688945
       0.8   0.709885   0.670204   0.689474
      0.81   0.705363   0.673719   0.689178
      0.82   0.699428   0.679714    0.68943
      0.83   0.694906   0.684486   0.689656
      0.84   0.688123   0.689686   0.688903
      0.85   0.683106   0.692654   0.687847
      0.86   0.677312   0.698067   0.687533
      0.87   0.672649   0.699409   0.685768
      0.88   0.668621   0.702986   0.685373
      0.89   0.667279    0.70902   0.687517
       0.9   0.662969   0.713956   0.687518
      0.91   0.657458   0.717655   0.686239
      0.92   0.655126   0.719604   0.685853
      0.93   0.651947   0.725812   0.686899
      0.94   0.648908   0.726728   0.685617
      0.95   0.644669   0.731005   0.685128
      0.96   0.641277   0.734873   0.684893
      0.97   0.637745    0.74063   0.685347
      0.98   0.636473    0.74477   0.686376
      0.99   0.630608   0.746708   0.683765
