         0          1   0.265439    0.41952
      0.01   0.894764   0.332601    0.48494
      0.02   0.894764   0.332601    0.48494
      0.03   0.894764   0.332601    0.48494
      0.04   0.894764   0.332601    0.48494
      0.05   0.894764   0.332601    0.48494
      0.06   0.894764   0.332601    0.48494
      0.07   0.894764   0.332601    0.48494
      0.08   0.894764   0.332601    0.48494
      0.09   0.894764   0.332618   0.484959
       0.1   0.894764   0.332653   0.484996
      0.11   0.894764   0.332653   0.484996
      0.12   0.894764   0.332671   0.485014
      0.13   0.894764   0.332705   0.485051
      0.14   0.894764   0.332775   0.485125
      0.15   0.894764   0.332793   0.485144
      0.16   0.894764   0.332827   0.485181
      0.17   0.894764    0.33281   0.485162
      0.18   0.894325   0.332914   0.485209
      0.19   0.894125   0.332984   0.485253
       0.2   0.894125   0.333071   0.485346
      0.21   0.894125   0.333176   0.485457
      0.22   0.893366   0.333351   0.485531
      0.23   0.893366   0.333474   0.485661
      0.24   0.893167   0.333702   0.485873
      0.25   0.893127   0.333755   0.485924
      0.26   0.892448   0.333931    0.48601
      0.27   0.891929   0.334038   0.486046
      0.28   0.891889    0.33448   0.486508
      0.29   0.891369   0.334694   0.486657
       0.3    0.89109   0.335088   0.487031
      0.31    0.89105   0.335466   0.487424
      0.32    0.89085   0.335826   0.487775
      0.33   0.889772   0.336192   0.487998
      0.34   0.887935   0.336181    0.48771
      0.35   0.887376   0.336386   0.487841
      0.36   0.887376    0.33672   0.488192
      0.37   0.886857   0.336699   0.488091
      0.38   0.886857   0.337035   0.488444
      0.39   0.886417   0.337732   0.489109
       0.4   0.885578   0.337909   0.489167
      0.41   0.885339    0.33823   0.489467
      0.42   0.882463   0.338798    0.48962
      0.43   0.879588   0.339475   0.489882
      0.44    0.87835     0.3403   0.490547
      0.45    0.87791   0.340664   0.490857
      0.46   0.876033   0.341631   0.491564
      0.47   0.873637   0.342162   0.491735
      0.48   0.873158   0.343358   0.492893
      0.49   0.872679   0.343849   0.493322
       0.5   0.869524   0.344912   0.493907
      0.51   0.868924   0.346143    0.49507
      0.52   0.868046   0.347014   0.495817
      0.53   0.867367   0.348049   0.496762
      0.54   0.864971   0.348646   0.496975
      0.55   0.863733   0.350562   0.498712
      0.56   0.862295    0.35114   0.499056
      0.57   0.861975   0.352546    0.50042
      0.58   0.861895   0.353778   0.501648
      0.59   0.860298   0.355335   0.502938
       0.6   0.856264   0.356054   0.502965
      0.61    0.85235   0.357504   0.503728
      0.62    0.85235   0.359294   0.505502
      0.63   0.851871   0.360018   0.506134
      0.64   0.850913   0.361684   0.507607
      0.65   0.850753   0.362507   0.508388
      0.66   0.849115   0.363447   0.509019
      0.67   0.848996    0.36477   0.510293
      0.68    0.84632   0.365524   0.510545
      0.69    0.84588   0.366853    0.51176
       0.7   0.843125   0.368193   0.512554
      0.71    0.83961   0.369294   0.512965
      0.72   0.839331   0.370455   0.514032
      0.73   0.837494   0.372221   0.515382
      0.74   0.836974   0.373071   0.516098
      0.75   0.834698   0.374407   0.516939
      0.76   0.833859   0.375019    0.51736
      0.77   0.830984   0.376566   0.518273
      0.78   0.829626   0.378188   0.519541
      0.79   0.824873   0.379862   0.520177
       0.8   0.824394   0.381516    0.52163
      0.81   0.822117   0.383112   0.522661
      0.82   0.820121   0.385248   0.524238
      0.83   0.818603   0.386797   0.525358
      0.84   0.813531   0.388388   0.525769
      0.85   0.811933   0.389381   0.526343
      0.86   0.806063   0.391434   0.526966
      0.87   0.805184   0.392364    0.52762
      0.88   0.802788   0.394452   0.528986
      0.89   0.800631   0.395819   0.529742
       0.9   0.794521    0.39803   0.530364
      0.91   0.792444   0.399654   0.531338
      0.92   0.791685   0.401028    0.53238
      0.93   0.787492   0.403229   0.533357
      0.94   0.782539   0.404342   0.533184
      0.95   0.781141   0.407906   0.535946
      0.96   0.780343   0.409822   0.537407
      0.97   0.777986   0.412143   0.538835
      0.98   0.776788   0.413607   0.539795
      0.99   0.774632   0.416633   0.541839
