         0          1    0.32957   0.495755
      0.01   0.940133   0.427962   0.588177
      0.02   0.940133   0.427962   0.588177
      0.03   0.940133   0.427962   0.588177
      0.04   0.940133   0.427962   0.588177
      0.05   0.940133   0.427962   0.588177
      0.06   0.940133   0.427962   0.588177
      0.07   0.940133   0.427962   0.588177
      0.08   0.940133   0.427962   0.588177
      0.09   0.940133   0.427983   0.588197
       0.1   0.940133   0.428046   0.588257
      0.11   0.940133    0.42813   0.588336
      0.12   0.940133   0.428137   0.588342
      0.13   0.940133   0.428193   0.588395
      0.14   0.940133   0.428249   0.588448
      0.15   0.940133   0.428277   0.588475
      0.16   0.940133   0.428361   0.588554
      0.17   0.940133   0.428473    0.58866
      0.18   0.940133   0.428564   0.588746
      0.19   0.940133   0.428712   0.588885
       0.2    0.94009   0.429064   0.589209
      0.21    0.94009   0.429508   0.589628
      0.22    0.94009    0.43004   0.590128
      0.23    0.94009   0.430402   0.590469
      0.24    0.94009   0.431078   0.591105
      0.25    0.94009   0.431514   0.591514
      0.26    0.94009   0.432224   0.592182
      0.27    0.94009   0.432966   0.592878
      0.28    0.94009   0.434004    0.59385
      0.29    0.94009   0.434763    0.59456
       0.3   0.939963   0.436139    0.59582
      0.31   0.939963   0.437566   0.597151
      0.32   0.939963   0.438691   0.598197
      0.33   0.939963   0.440382   0.599767
      0.34   0.939963   0.441739   0.601024
      0.35    0.93992   0.442761   0.601961
      0.36    0.93992    0.44403   0.603133
      0.37   0.939835   0.446078   0.605001
      0.38   0.938558   0.447469   0.606014
      0.39   0.938558   0.450174    0.60849
       0.4   0.938048   0.451509     0.6096
      0.41   0.938048   0.454502   0.612322
      0.42   0.937793   0.457184   0.614697
      0.43   0.937793   0.458867   0.616216
      0.44   0.937452   0.461404   0.618425
      0.45   0.937197   0.462601   0.619444
      0.46   0.937069   0.465075    0.62163
      0.47   0.937069   0.467099   0.623435
      0.48   0.936899   0.469887   0.625876
      0.49   0.936856   0.472001   0.627739
       0.5   0.936559   0.475232   0.630522
      0.51   0.936473   0.478572   0.633435
      0.52   0.936473    0.48023   0.634886
      0.53    0.93592   0.484062   0.638098
      0.54    0.93575   0.485972   0.639715
      0.55    0.93524   0.489616   0.642743
      0.56    0.93524   0.492064    0.64485
      0.57   0.934942    0.49543   0.647662
      0.58   0.934686   0.497664   0.649506
      0.59   0.934474   0.501641   0.652831
       0.6   0.934091    0.50347   0.654284
      0.61   0.933708   0.507455   0.657545
      0.62   0.933452   0.510627   0.660138
      0.63   0.932729   0.512903   0.661856
      0.64   0.930729   0.515293   0.663335
      0.65   0.929538   0.517369   0.664748
      0.66    0.92673   0.521793   0.667661
      0.67    0.92524   0.524221   0.669256
      0.68   0.923453   0.527404   0.671373
      0.69   0.923326   0.530312    0.67369
       0.7   0.922219   0.534038   0.676392
      0.71   0.920688   0.537907    0.67907
      0.72   0.917369   0.541078    0.68068
      0.73   0.917113   0.545685   0.684244
      0.74   0.914773    0.54894   0.686139
      0.75   0.913327    0.55217   0.688247
      0.76   0.912348     0.5551   0.690238
      0.77   0.909497   0.559629   0.692903
      0.78   0.908178   0.562564   0.694763
      0.79   0.904178    0.56693   0.696897
       0.8   0.902349   0.569001   0.697913
      0.81   0.898434   0.573593   0.700171
      0.82   0.892222   0.577505   0.701168
      0.83   0.891286   0.580007   0.702718
      0.84   0.888648   0.584281   0.705017
      0.85   0.884733   0.586837   0.705633
      0.86   0.878308   0.590262   0.706037
      0.87   0.877627    0.59184   0.706943
      0.88   0.868607   0.595722   0.706737
      0.89   0.865586   0.598719   0.707834
       0.9   0.864565   0.602562   0.710169
      0.91   0.862778   0.606006   0.711948
      0.92   0.860905   0.609097   0.713434
      0.93   0.859246   0.612308   0.715058
      0.94   0.856565    0.61546   0.716267
      0.95   0.853715   0.619057   0.717692
      0.96   0.848779   0.622171    0.71802
      0.97    0.84729     0.6266   0.720423
      0.98   0.843332   0.629534   0.720916
      0.99   0.840099   0.633375   0.722236
