         0          1   0.256164   0.407851
      0.01   0.973418   0.467582   0.631718
      0.02   0.973418   0.467582   0.631718
      0.03   0.973418   0.467582   0.631718
      0.04   0.973418   0.467582   0.631718
      0.05   0.973418   0.467582   0.631718
      0.06   0.973418   0.467582   0.631718
      0.07   0.973418   0.467582   0.631718
      0.08   0.973418   0.467614   0.631747
      0.09   0.973418   0.467609   0.631743
       0.1   0.973418   0.467673   0.631801
      0.11   0.973418   0.467673   0.631801
      0.12   0.973418   0.467705    0.63183
      0.13   0.973418   0.467764   0.631884
      0.14   0.973418   0.467728   0.631851
      0.15   0.973418   0.467919   0.632025
      0.16   0.973418   0.467982   0.632083
      0.17   0.973418   0.468105   0.632195
      0.18   0.973418   0.468165    0.63225
      0.19   0.973418   0.468543   0.632595
       0.2   0.973418   0.468987   0.632999
      0.21   0.973418   0.469213   0.633205
      0.22   0.973418   0.469618   0.633574
      0.23   0.973418   0.469867     0.6338
      0.24    0.97336   0.470596   0.634451
      0.25    0.97336   0.471401   0.635182
      0.26   0.973186   0.472186   0.635857
      0.27   0.973186   0.472957   0.636556
      0.28   0.973186   0.473954   0.637458
      0.29   0.972838    0.47496   0.638292
       0.3   0.972838   0.476489   0.639672
      0.31    0.97278   0.477835    0.64087
      0.32   0.972606   0.479193   0.642053
      0.33   0.972548   0.480786   0.643468
      0.34    0.97249   0.481925   0.644475
      0.35    0.97249   0.483168   0.645586
      0.36    0.97249    0.48482   0.647059
      0.37   0.972374   0.486533   0.648557
      0.38     0.9722   0.487699   0.649553
      0.39   0.971851   0.490118   0.651616
       0.4   0.971851   0.491571     0.6529
      0.41   0.971793   0.493941   0.654973
      0.42   0.971735    0.49704   0.657679
      0.43   0.971735   0.498549   0.658999
      0.44   0.971271   0.500112   0.660256
      0.45   0.971271   0.501958   0.661862
      0.46   0.971271   0.504251   0.663853
      0.47   0.971155    0.50626   0.665563
      0.48   0.971155   0.509716   0.668544
      0.49   0.971155   0.510787   0.669464
       0.5   0.970923   0.513818   0.672007
      0.51   0.970633   0.516093   0.673879
      0.52     0.9704   0.518557    0.67592
      0.53   0.969762   0.521062   0.677889
      0.54   0.969066   0.522736   0.679133
      0.55   0.968369   0.525681    0.68144
      0.56   0.968369   0.527434   0.682912
      0.57   0.967266   0.530137   0.684898
      0.58   0.967266   0.532105   0.686537
      0.59   0.966918   0.534713   0.688616
       0.6    0.96686   0.536689   0.690238
      0.61   0.966802     0.5402    0.69312
      0.62   0.966802    0.54264   0.695125
      0.63   0.966744   0.544078   0.696289
      0.64   0.966744    0.54654   0.698302
      0.65   0.966628   0.548424   0.699807
      0.66   0.966454   0.551419   0.702194
      0.67   0.966454   0.552897   0.703392
      0.68   0.965873   0.555535   0.705368
      0.69   0.965699   0.557457   0.706868
       0.7   0.965119    0.56044   0.709105
      0.71   0.965119   0.563019   0.711167
      0.72   0.964829   0.565557   0.713109
      0.73   0.964074   0.568091   0.714912
      0.74   0.963378   0.569247   0.715635
      0.75   0.962739   0.570988   0.716832
      0.76   0.962449   0.572274   0.717764
      0.77   0.962275    0.57378   0.718899
      0.78   0.962159   0.575722   0.720389
      0.79   0.962043   0.577447   0.721705
       0.8   0.960882   0.578137   0.721917
      0.81   0.959373    0.57926   0.722364
      0.82   0.956761   0.580648   0.722699
      0.83   0.956761     0.5808   0.722816
      0.84   0.954556    0.58173   0.722904
      0.85    0.95415   0.582412   0.723314
      0.86   0.952873   0.583203   0.723556
      0.87   0.952409   0.583037   0.723294
      0.88   0.947998   0.583966   0.722731
      0.89    0.94585   0.584323   0.722379
       0.9   0.943645   0.585447   0.722591
      0.91   0.941846    0.58675   0.723053
      0.92   0.939756   0.587048   0.722663
      0.93   0.938944   0.587586   0.722829
      0.94   0.938131   0.588319   0.723143
      0.95   0.936216   0.588079   0.722391
      0.96   0.932443   0.588439   0.721537
      0.97   0.929135   0.588494   0.720585
      0.98    0.92722   0.589354   0.720652
      0.99     0.9213   0.590083   0.719399
