         0          1   0.382258   0.553092
      0.01   0.885787   0.532961   0.665502
      0.02   0.885787   0.532961   0.665502
      0.03   0.885787   0.532961   0.665502
      0.04   0.885787   0.532961   0.665502
      0.05   0.885787   0.532961   0.665502
      0.06   0.885787   0.532961   0.665502
      0.07   0.885787   0.532961   0.665502
      0.08   0.885787   0.532961   0.665502
      0.09   0.885787   0.532961   0.665502
       0.1   0.885787   0.532961   0.665502
      0.11   0.885787   0.532961   0.665502
      0.12   0.885787   0.532961   0.665502
      0.13   0.885787   0.532961   0.665502
      0.14   0.885787   0.532961   0.665502
      0.15   0.885787   0.532961   0.665502
      0.16   0.885787   0.532932   0.665479
      0.17   0.885787   0.532903   0.665457
      0.18   0.885787   0.532903   0.665457
      0.19   0.885787   0.532903   0.665457
       0.2   0.885787   0.532903   0.665457
      0.21   0.885787   0.532903   0.665457
      0.22   0.885787   0.532936   0.665483
      0.23   0.885787   0.532936   0.665483
      0.24   0.885787   0.532936   0.665483
      0.25   0.885787   0.532936   0.665483
      0.26   0.885787   0.532969   0.665509
      0.27   0.885787   0.533003   0.665535
      0.28   0.885787   0.533003   0.665535
      0.29   0.885787   0.533036   0.665561
       0.3   0.885787    0.53307   0.665587
      0.31   0.885787   0.533011   0.665541
      0.32   0.885787   0.532986   0.665522
      0.33   0.884892   0.532994   0.665275
      0.34   0.884892   0.532994   0.665275
      0.35   0.884892   0.533107   0.665363
      0.36   0.884892   0.533145   0.665393
      0.37   0.884892   0.533258   0.665481
      0.38   0.884355   0.533275   0.665342
      0.39   0.884284   0.533375     0.6654
       0.4   0.884176   0.533434   0.665415
      0.41   0.883961   0.533396   0.665325
      0.42   0.883281   0.533321   0.665074
      0.43    0.88253   0.533194   0.664762
      0.44   0.882351   0.533076   0.664619
      0.45   0.881671   0.532831   0.664236
      0.46   0.881134   0.532923   0.664155
      0.47   0.880168   0.532804   0.663788
      0.48   0.879201   0.532994    0.66366
      0.49   0.878772    0.53321   0.663705
       0.5   0.877662   0.533227   0.663402
      0.51   0.877412    0.53353   0.663564
      0.52   0.876195   0.533693   0.663342
      0.53   0.875693   0.534089   0.663504
      0.54   0.875336     0.5343   0.663564
      0.55   0.873904   0.534588   0.663374
      0.56   0.873474   0.535009   0.663574
      0.57   0.871864   0.535422   0.663426
      0.58   0.871184   0.535782   0.663505
      0.59   0.870432   0.535969    0.66343
       0.6   0.868965   0.536168   0.663156
      0.61   0.868213   0.536468   0.663166
      0.62   0.865457   0.536867   0.662665
      0.63   0.864168   0.537087   0.662454
      0.64   0.862558   0.537644   0.662403
      0.65   0.861556   0.537791   0.662218
      0.66   0.861305   0.538456   0.662649
      0.67    0.86016   0.539324   0.662965
      0.68   0.859014   0.540276   0.663343
      0.69   0.858871   0.540583   0.663531
       0.7   0.858119   0.541941   0.664329
      0.71    0.85769   0.542879   0.664904
      0.72   0.857618   0.543147   0.665083
      0.73   0.856151   0.543468   0.664882
      0.74    0.85497   0.543894   0.664843
      0.75   0.854075   0.544177   0.664784
      0.76   0.852572   0.544356   0.664462
      0.77   0.851641   0.544852   0.664548
      0.78   0.850138   0.545053   0.664239
      0.79   0.847597   0.545455   0.663759
       0.8   0.846487   0.545795   0.663671
      0.81   0.845127   0.546508   0.663779
      0.82   0.843087     0.5471   0.663584
      0.83   0.842156   0.547935   0.663909
      0.84   0.840545   0.547653   0.663201
      0.85   0.839221    0.54788   0.662954
      0.86   0.836823   0.548434    0.66261
      0.87    0.83557    0.54908   0.662687
      0.88   0.831884   0.549111   0.661547
      0.89   0.830345   0.549378   0.661253
       0.9   0.827159   0.549631   0.660424
      0.91   0.824976   0.550416   0.660292
      0.92   0.824367   0.551428   0.660824
      0.93   0.820001   0.551855   0.659722
      0.94   0.817316   0.552292   0.659163
      0.95   0.813415   0.553172   0.658514
      0.96   0.811947   0.553522    0.65828
      0.97   0.806686   0.554035   0.656905
      0.98   0.802212   0.554411    0.65568
      0.99   0.799993   0.554928   0.655298
