         0          1   0.173626   0.295879
      0.01    0.92045   0.534053   0.675927
      0.02    0.92045   0.534053   0.675927
      0.03    0.92045   0.534053   0.675927
      0.04    0.92045   0.534146   0.676002
      0.05    0.92045   0.534158   0.676012
      0.06   0.920159   0.534522   0.676224
      0.07   0.919965   0.536877   0.678053
      0.08   0.919674   0.543358   0.683118
      0.09   0.918316   0.549617   0.687664
       0.1   0.917346    0.56302   0.697779
      0.11   0.914047   0.578864   0.708828
      0.12   0.910943   0.589072   0.715474
      0.13   0.906383    0.60812   0.727882
      0.14   0.901339   0.621765   0.735893
      0.15   0.894451   0.645579   0.749906
      0.16   0.884362   0.658808   0.755101
      0.17   0.873399       0.68    0.76466
      0.18    0.86525   0.694926   0.770791
      0.19   0.854385   0.709562   0.775268
       0.2   0.845654   0.722695   0.779354
      0.21   0.834206   0.735653   0.781836
      0.22   0.826348   0.750095   0.786377
      0.23   0.820722   0.758702   0.788494
      0.24   0.810147   0.765784   0.787341
      0.25     0.8052   0.771835   0.788164
      0.26   0.797051   0.779507   0.788181
      0.27   0.791521   0.782647   0.787059
      0.28   0.780559   0.787477   0.784003
      0.29   0.779298   0.794597   0.786873
       0.3   0.776387    0.79981   0.787925
      0.31   0.772798   0.803597   0.787897
      0.32   0.770664   0.803844   0.786904
      0.33   0.765328   0.806015   0.785145
      0.34   0.762612   0.807517   0.784422
      0.35   0.759798   0.809696   0.783954
      0.36   0.758052   0.812793   0.784468
      0.37   0.750873   0.814346   0.781323
      0.38   0.747575   0.818667   0.781507
      0.39    0.74253   0.823466   0.780907
       0.4   0.741269   0.826746   0.781678
      0.41   0.734672   0.831868   0.780255
      0.42   0.733896   0.835177   0.781268
      0.43   0.733411   0.839087   0.782698
      0.44   0.731277   0.841662   0.782596
      0.45    0.73118   0.845198   0.784065
      0.46   0.730986   0.846023   0.784308
      0.47   0.730404   0.847826   0.784747
      0.48   0.730404   0.849252   0.785357
      0.49   0.730404   0.850058   0.785701
       0.5   0.729821   0.853815   0.786964
      0.51   0.729239   0.855217    0.78722
      0.52   0.729142   0.856722     0.7878
      0.53   0.728172   0.859691   0.788485
      0.54   0.725844   0.860382   0.787407
      0.55   0.725553   0.863745   0.788641
      0.56   0.725553   0.864019   0.788755
      0.57   0.725262   0.865257   0.789098
      0.58   0.724777   0.867031   0.789548
      0.59   0.724777   0.869433   0.790542
       0.6   0.723225   0.871324   0.790397
      0.61   0.721964   0.873996   0.790739
      0.62   0.721964      0.875   0.791149
      0.63   0.721964   0.876627   0.791814
      0.64   0.721867   0.879203   0.792804
      0.65   0.721672   0.881101   0.793458
      0.66   0.721672    0.88239    0.79398
      0.67   0.721575   0.882985   0.794162
      0.68   0.721575    0.88381   0.794495
      0.69   0.721575   0.883736   0.794465
       0.7   0.721284   0.884419   0.794565
      0.71   0.718956   0.886525   0.793996
      0.72   0.717695   0.888601   0.794056
      0.73   0.716919   0.889974   0.794128
      0.74   0.716531   0.889759   0.793804
      0.75   0.715076   0.892763   0.794101
      0.76   0.713815   0.894772   0.794115
      0.77   0.709352   0.896667   0.792086
      0.78   0.709352   0.899531   0.793201
      0.79   0.707994   0.900538   0.792742
       0.8     0.7078   0.900943   0.792777
      0.81   0.705763   0.903729   0.792571
      0.82   0.705666   0.904372   0.792757
      0.83   0.705666    0.90486   0.792944
      0.84   0.705666   0.905155   0.793057
      0.85   0.705666   0.905647   0.793246
      0.86   0.704695    0.90519   0.792458
      0.87   0.704695   0.905752   0.792673
      0.88   0.702464   0.907058   0.791758
      0.89   0.702464   0.907692   0.791999
       0.9   0.701494   0.908708   0.791768
      0.91   0.697516   0.909796   0.789638
      0.92   0.697516   0.911017   0.790098
      0.93   0.694509   0.911222   0.788241
      0.94   0.694509   0.912456   0.788703
      0.95   0.693345   0.914695   0.788785
      0.96   0.691793   0.916366   0.788399
      0.97   0.690532   0.916847   0.787757
      0.98   0.690338   0.918545   0.788257
      0.99     0.6883   0.920879   0.787782
