         0          1   0.331079    0.49746
      0.01   0.925929   0.289346   0.440911
      0.02   0.925929   0.289346   0.440911
      0.03   0.925929   0.289346   0.440911
      0.04   0.925929   0.289346   0.440911
      0.05   0.925929   0.289346   0.440911
      0.06   0.925929   0.289346   0.440911
      0.07   0.925929   0.289346   0.440911
      0.08   0.925929   0.289357   0.440923
      0.09   0.925929   0.289357   0.440923
       0.1   0.925929   0.289357   0.440923
      0.11   0.925929   0.289357   0.440923
      0.12   0.925929   0.289357   0.440923
      0.13   0.925929   0.289368   0.440936
      0.14   0.925929   0.289368   0.440936
      0.15   0.925929   0.289368   0.440936
      0.16   0.925929   0.289368   0.440936
      0.17   0.925929   0.289368   0.440936
      0.18   0.925929   0.289341   0.440905
      0.19   0.925929   0.289314   0.440873
       0.2   0.925929   0.289287   0.440842
      0.21   0.925929   0.289309   0.440868
      0.22   0.925929    0.28932    0.44088
      0.23   0.925929   0.289331   0.440893
      0.24   0.925929    0.28931   0.440869
      0.25   0.925929   0.289294    0.44085
      0.26   0.925929   0.289349   0.440914
      0.27   0.925929   0.289349   0.440914
      0.28   0.925929   0.289371   0.440939
      0.29   0.925929   0.289355   0.440921
       0.3   0.925929   0.289372   0.440941
      0.31   0.925929   0.289329   0.440891
      0.32   0.925929   0.289373   0.440942
      0.33   0.925929   0.289412   0.440987
      0.34   0.925929   0.289407   0.440981
      0.35   0.925929   0.289413   0.440988
      0.36   0.925929   0.289403   0.440976
      0.37   0.925929   0.289432    0.44101
      0.38   0.925929   0.289455   0.441037
      0.39   0.925929   0.289521   0.441114
       0.4   0.925888   0.289484   0.441066
      0.41   0.925888   0.289523   0.441111
      0.42   0.925888   0.289475   0.441055
      0.43   0.925888   0.289509   0.441095
      0.44   0.925888   0.289522    0.44111
      0.45   0.925888    0.28948   0.441061
      0.46   0.925888   0.289451   0.441027
      0.47   0.925888   0.289502   0.441087
      0.48   0.925639   0.289504   0.441061
      0.49   0.925639   0.289555   0.441121
       0.5   0.925639     0.2897   0.441289
      0.51   0.925597   0.289764   0.441358
      0.52   0.925556   0.289755   0.441343
      0.53   0.925307   0.289855    0.44143
      0.54   0.925307    0.28989   0.441471
      0.55   0.925058    0.28984   0.441385
      0.56   0.925058   0.289827    0.44137
      0.57   0.924934   0.289574   0.441062
      0.58   0.924934   0.289578   0.441067
      0.59   0.924934   0.289749   0.441265
       0.6   0.924934   0.289997   0.441553
      0.61   0.924851   0.290009   0.441557
      0.62   0.924851   0.290082   0.441642
      0.63   0.924851   0.290172   0.441746
      0.64   0.924643   0.290181   0.441732
      0.65   0.924643   0.290287   0.441856
      0.66   0.923565   0.290146   0.441569
      0.67   0.923565   0.290267   0.441709
      0.68   0.923358   0.290183   0.441589
      0.69   0.923275    0.29014   0.441529
       0.7   0.923192   0.290207   0.441597
      0.71   0.923192   0.290273   0.441673
      0.72    0.92315   0.290492   0.441922
      0.73   0.922611   0.290545   0.441922
      0.74   0.922528   0.290606   0.441983
      0.75   0.922031   0.290616   0.441937
      0.76   0.921533   0.290727   0.442008
      0.77   0.920952   0.290974   0.442227
      0.78   0.920537   0.291165     0.4424
      0.79   0.920081   0.291348   0.442558
       0.8   0.920081   0.291465   0.442693
      0.81    0.91975   0.291515   0.442712
      0.82   0.919667   0.291538   0.442729
      0.83   0.919625    0.29169     0.4429
      0.84   0.919044   0.291692   0.442835
      0.85   0.919003   0.291833   0.442992
      0.86   0.919003   0.291674   0.442808
      0.87   0.918962   0.291536   0.442645
      0.88   0.918588   0.291826   0.442936
      0.89   0.918588   0.292118   0.443272
       0.9   0.918008   0.292029   0.443103
      0.91   0.916971   0.291767   0.442679
      0.92   0.916224   0.291726   0.442546
      0.93   0.915685   0.292181   0.443006
      0.94   0.915478    0.29222   0.443026
      0.95   0.915436   0.292197   0.442995
      0.96   0.915436   0.292108   0.442893
      0.97   0.914275   0.292182   0.442842
      0.98   0.913943   0.292472   0.443136
      0.99   0.913736   0.292605   0.443264
