         0          1   0.339259   0.506637
      0.01    0.98419   0.755136   0.854581
      0.02    0.98419   0.755117   0.854569
      0.03    0.98419   0.755099   0.854557
      0.04    0.98419   0.755156   0.854594
      0.05    0.98419   0.755137   0.854582
      0.06    0.98419    0.75531   0.854692
      0.07    0.98419   0.755445   0.854779
      0.08    0.98419   0.755525    0.85483
      0.09   0.984152   0.756061   0.855158
       0.1   0.984113   0.756867   0.855659
      0.11   0.984113   0.758581   0.856754
      0.12   0.983958   0.759781   0.857459
      0.13   0.983031   0.762229   0.858663
      0.14   0.983031   0.764706   0.860232
      0.15   0.983031   0.767719   0.862135
      0.16   0.983031   0.769888   0.863501
      0.17   0.982103   0.773467   0.865387
      0.18   0.982103   0.775975   0.866955
      0.19   0.982026   0.780986   0.870044
       0.2   0.981832   0.784576    0.87219
      0.21   0.981716   0.789069   0.874913
      0.22   0.981523   0.794342   0.878068
      0.23   0.981059   0.797434   0.879767
      0.24   0.980441   0.802747    0.88274
      0.25   0.980054   0.806951   0.885118
      0.26   0.979242   0.813362   0.888627
      0.27   0.979049   0.816658   0.890511
      0.28   0.978276   0.821213    0.89289
      0.29    0.97816   0.823586   0.894243
       0.3    0.97816   0.827451   0.896516
      0.31   0.976807   0.831394   0.898253
      0.32   0.976807   0.834243   0.899914
      0.33    0.97615      0.837   0.901235
      0.34    0.97615   0.839306    0.90257
      0.35   0.974526   0.842511   0.903723
      0.36   0.974101   0.844988   0.904962
      0.37   0.973212   0.848651   0.906673
      0.38   0.973019   0.851152   0.908015
      0.39   0.970816   0.853327   0.908288
       0.4   0.970738   0.854553   0.908948
      0.41   0.969811   0.856715   0.909762
      0.42   0.968071   0.859541   0.910584
      0.43   0.967453   0.860596   0.910901
      0.44   0.966834   0.862044   0.911437
      0.45    0.96668   0.863632   0.912255
      0.46   0.963123   0.866251   0.912122
      0.47    0.96177   0.868041   0.912505
      0.48   0.959374   0.869471   0.912213
      0.49   0.958601   0.871162   0.912792
       0.5   0.954735   0.872039   0.911515
      0.51   0.951759   0.873513   0.910959
      0.52   0.950638    0.87425   0.910845
      0.53   0.947082   0.875675    0.90998
      0.54   0.944105   0.876367   0.908976
      0.55   0.942327   0.878008   0.909031
      0.56   0.940549   0.878575   0.908506
      0.57    0.93649   0.879898   0.907313
      0.58   0.935408   0.880909   0.907341
      0.59   0.929842    0.88274   0.905679
       0.6   0.928063   0.883287   0.905122
      0.61   0.922613   0.884591   0.903202
      0.62   0.918825   0.885615   0.901914
      0.63    0.91666   0.886669   0.901415
      0.64   0.907228   0.888167   0.897597
      0.65   0.904291   0.888399   0.896275
      0.66   0.900309   0.889069   0.894654
      0.67   0.898145   0.889254   0.893677
      0.68   0.893661   0.890481   0.892068
      0.69   0.892385   0.890759   0.891571
       0.7   0.889215   0.891484   0.890348
      0.71   0.882335   0.892454   0.887366
      0.72   0.876382   0.892763   0.884497
      0.73   0.873058   0.893677   0.883247
      0.74   0.867955   0.894501   0.881028
      0.75   0.863201   0.895618    0.87911
      0.76   0.859103   0.895577   0.876961
      0.77   0.856513   0.895499   0.875572
      0.78   0.854928   0.895994    0.87498
      0.79   0.851179   0.897014   0.873496
       0.8   0.846734   0.898305   0.871757
      0.81   0.840935   0.899623    0.86929
      0.82    0.83649   0.900765   0.867438
      0.83   0.834557   0.900771   0.866401
      0.84   0.830692   0.901987   0.864873
      0.85   0.826595   0.902816   0.863026
      0.86   0.822033   0.904472   0.861284
      0.87   0.819057   0.904712   0.859756
      0.88   0.812524   0.906394   0.856896
      0.89   0.810166   0.907202   0.855943
       0.9   0.804213   0.907555   0.852765
      0.91   0.798763     0.9075   0.849667
      0.92   0.797024   0.908247   0.849008
      0.93   0.793854    0.90945   0.847729
      0.94   0.790607   0.909814   0.846032
      0.95   0.786587   0.911567   0.844478
      0.96   0.783804   0.911907   0.843017
      0.97   0.780247   0.912301   0.841123
      0.98   0.776962   0.912621   0.839345
      0.99   0.774101    0.91341   0.838005
