         0          1   0.393948   0.565226
      0.01   0.959677   0.423972   0.588121
      0.02   0.959677   0.423972   0.588121
      0.03   0.959677   0.423972   0.588121
      0.04   0.959677   0.423972   0.588121
      0.05   0.959677   0.423972   0.588121
      0.06   0.959677   0.423972   0.588121
      0.07   0.959677   0.423987   0.588135
      0.08   0.959677   0.424033   0.588179
      0.09   0.959677   0.424063   0.588208
       0.1   0.959677   0.424067   0.588212
      0.11   0.959677   0.424041   0.588187
      0.12   0.959677   0.424066   0.588211
      0.13   0.959677   0.424167   0.588308
      0.14   0.959642    0.42419   0.588324
      0.15   0.959607   0.424219   0.588344
      0.16   0.959607   0.424344   0.588465
      0.17   0.959607    0.42449   0.588605
      0.18   0.959607   0.424585   0.588697
      0.19   0.959571   0.424576   0.588681
       0.2   0.959571   0.424807   0.588904
      0.21   0.959536   0.424975   0.589058
      0.22   0.959536   0.425106   0.589184
      0.23   0.959536   0.425225   0.589298
      0.24   0.959465   0.425598   0.589643
      0.25   0.959359   0.425705   0.589726
      0.26   0.959253   0.425846   0.589841
      0.27   0.959111   0.426688   0.590621
      0.28   0.958758   0.426951   0.590806
      0.29   0.958652   0.427255   0.591077
       0.3   0.958616   0.427798    0.59159
      0.31   0.958298   0.428635   0.592329
      0.32   0.957944   0.428989   0.592599
      0.33   0.957767   0.430037   0.593564
      0.34    0.95752   0.430747   0.594192
      0.35   0.957166   0.432231   0.595534
      0.36   0.956989   0.432645   0.595893
      0.37   0.956034   0.433997   0.596988
      0.38   0.955822   0.434164   0.597105
      0.39   0.954443   0.435198   0.597812
       0.4   0.954124   0.435488   0.598023
      0.41   0.953417    0.43685   0.599166
      0.42    0.95186   0.438108   0.600039
      0.43   0.951224   0.439296   0.601026
      0.44   0.950021   0.440798   0.602188
      0.45   0.949455   0.442126   0.603312
      0.46   0.948642   0.443794   0.604698
      0.47   0.948111    0.44497    0.60568
      0.48   0.945635   0.447422   0.607438
      0.49   0.944397   0.448364   0.608049
       0.5   0.940683   0.449926   0.608708
      0.51   0.936651   0.452311   0.610035
      0.52   0.935236   0.453728    0.61102
      0.53   0.933256   0.456247   0.612874
      0.54   0.929259    0.45724   0.612902
      0.55   0.925969   0.460408   0.615018
      0.56   0.923599   0.461993   0.615905
      0.57   0.920982   0.464314   0.617377
      0.58    0.91985   0.466451   0.619007
      0.59   0.917551   0.468705   0.620464
       0.6   0.914368   0.470061   0.620918
      0.61   0.911644   0.473149   0.622971
      0.62   0.907859   0.475131   0.623797
      0.63   0.906657   0.476305   0.624522
      0.64   0.903261   0.479277   0.626257
      0.65   0.898097   0.481695   0.627064
      0.66   0.895091   0.483983   0.628261
      0.67   0.892438   0.485765   0.629102
      0.68   0.884692   0.487152   0.628321
      0.69   0.879315   0.488805   0.628327
       0.7    0.87355   0.491765   0.629278
      0.71   0.868739   0.494085   0.629914
      0.72   0.866829   0.494537   0.629777
      0.73   0.862903   0.497435   0.631076
      0.74   0.856607   0.498048   0.629875
      0.75   0.849321   0.499555   0.629091
      0.76   0.844263   0.500329   0.628308
      0.77   0.838108   0.502666   0.628425
      0.78   0.833475   0.504055   0.628198
      0.79   0.828594   0.507079    0.62914
       0.8   0.824774    0.50837   0.629025
      0.81   0.818372   0.511425   0.629473
      0.82   0.813667   0.514386   0.630304
      0.83   0.807548   0.515149   0.629029
      0.84   0.797432    0.51853   0.628426
      0.85   0.792233   0.519664   0.627633
      0.86   0.781445   0.521338   0.625425
      0.87   0.774335   0.522107   0.623685
      0.88   0.763405   0.522531   0.620408
      0.89    0.75764   0.524468   0.619851
       0.9   0.747666   0.525293   0.617056
      0.91   0.738257   0.527707   0.615473
      0.92   0.731643   0.529921   0.614654
      0.93   0.723401   0.530451    0.61208
      0.94    0.71898   0.533178   0.612294
      0.95    0.70805   0.534385    0.60908
      0.96   0.703381   0.535019   0.607756
      0.97   0.693336   0.538485   0.606177
      0.98   0.687217     0.5398   0.604653
      0.99   0.673246    0.54152   0.600241
