         0          1   0.310743   0.474148
      0.01   0.950106   0.347028   0.508372
      0.02   0.950106   0.347028   0.508372
      0.03   0.950106   0.347028   0.508372
      0.04   0.950106   0.347028   0.508372
      0.05   0.950106   0.347028   0.508372
      0.06   0.950106   0.347028   0.508372
      0.07   0.950106   0.347028   0.508372
      0.08   0.950106   0.347028   0.508372
      0.09   0.950106    0.34706   0.508406
       0.1   0.950106   0.347062   0.508408
      0.11   0.950106   0.347066   0.508413
      0.12   0.950106   0.347163   0.508517
      0.13   0.950106   0.347089   0.508438
      0.14   0.950106   0.347105   0.508455
      0.15   0.950106   0.347189   0.508545
      0.16   0.950106   0.347223   0.508581
      0.17   0.950106   0.347227   0.508585
      0.18   0.950106   0.347341   0.508708
      0.19   0.950106   0.347463   0.508838
       0.2   0.950106   0.347671   0.509062
      0.21   0.950106   0.347888   0.509295
      0.22   0.950106   0.348279   0.509713
      0.23   0.950106   0.348732   0.510198
      0.24   0.950106   0.349131   0.510625
      0.25   0.950106   0.349556   0.511079
      0.26   0.950106   0.350117   0.511678
      0.27   0.950106   0.350504   0.512092
      0.28   0.950106   0.350868   0.512481
      0.29   0.950106   0.351503   0.513158
       0.3   0.950106   0.352257   0.513961
      0.31   0.950106   0.352902   0.514647
      0.32   0.950106   0.353708   0.515503
      0.33   0.950106   0.354685    0.51654
      0.34   0.950066    0.35544   0.517334
      0.35   0.950066   0.356954   0.518936
      0.36   0.949986   0.357733   0.519746
      0.37   0.949986   0.359388   0.521491
      0.38   0.949946   0.360504   0.522659
      0.39   0.949946   0.362385   0.524633
       0.4   0.949906   0.363663   0.525965
      0.41   0.949866    0.36602    0.52842
      0.42   0.949866   0.368053   0.530535
      0.43   0.949866   0.369118    0.53164
      0.44   0.949785   0.371179   0.533762
      0.45   0.949785   0.372452   0.535077
      0.46   0.949705   0.375747   0.538456
      0.47   0.949705   0.377433   0.540185
      0.48   0.949384   0.380307    0.54307
      0.49   0.949304   0.382223   0.545007
       0.5   0.949304   0.385075     0.5479
      0.51   0.948943   0.388244   0.551039
      0.52   0.948863   0.390616    0.55341
      0.53   0.948863   0.394242    0.55704
      0.54   0.948382   0.395917   0.558626
      0.55   0.948342   0.399156   0.561836
      0.56   0.948261   0.401451   0.564091
      0.57    0.94786   0.404954   0.567468
      0.58    0.94786   0.407843   0.570299
      0.59    0.94782   0.411758   0.574108
       0.6    0.94778   0.414476   0.576737
      0.61   0.947219   0.418451   0.580469
      0.62   0.947138   0.423067    0.58488
      0.63   0.946938   0.426149   0.587781
      0.64   0.946858   0.431011   0.592373
      0.65   0.946376   0.434506    0.59557
      0.66   0.944772    0.43887   0.599334
      0.67   0.944772   0.441749   0.602014
      0.68   0.944251   0.446258    0.60608
      0.69   0.943328   0.449155   0.608554
       0.7   0.941443   0.454565   0.613101
      0.71   0.940922    0.45913   0.617128
      0.72   0.939558   0.463847   0.621076
      0.73   0.937753   0.469546   0.625764
      0.74   0.937312   0.473055   0.628773
      0.75   0.936991   0.479157   0.634066
      0.76    0.93675   0.482715   0.637118
      0.77   0.935668   0.487613   0.641115
      0.78   0.935627   0.491632    0.64457
      0.79   0.935387   0.498061   0.650013
       0.8   0.935106   0.502383   0.653614
      0.81   0.934424   0.508141   0.658298
      0.82   0.933622   0.513751   0.662786
      0.83   0.933341   0.517966   0.666212
      0.84   0.932579   0.524676   0.671539
      0.85   0.931857   0.528348   0.674351
      0.86   0.931376   0.534146   0.678926
      0.87   0.931376   0.539173   0.682973
      0.88   0.931055   0.543971   0.686723
      0.89   0.930293   0.548607   0.690196
       0.9   0.929932   0.554982   0.695119
      0.91    0.92929   0.561359   0.699917
      0.92   0.928889   0.565477   0.702994
      0.93   0.928248   0.570218    0.70646
      0.94   0.927606   0.574139   0.709274
      0.95   0.925761   0.579021   0.712442
      0.96   0.925601   0.582513   0.715031
      0.97    0.92532   0.588826   0.719683
      0.98   0.924999   0.592062   0.721997
      0.99   0.923194   0.597121    0.72519
