         0          1   0.172013   0.293534
      0.01   0.973967   0.221455   0.360859
      0.02   0.973967   0.221466   0.360875
      0.03   0.973967   0.221466   0.360875
      0.04   0.973967    0.22149   0.360906
      0.05   0.973967   0.221501   0.360921
      0.06   0.973967   0.221542   0.360975
      0.07   0.973967   0.221542   0.360975
      0.08   0.973967   0.221658   0.361129
      0.09   0.973967   0.221686   0.361167
       0.1   0.973967   0.221745   0.361244
      0.11   0.973896   0.221913   0.361463
      0.12   0.973896   0.222036   0.361625
      0.13   0.973896   0.222164   0.361795
      0.14   0.973896   0.222357   0.362051
      0.15   0.973896   0.222885   0.362751
      0.16   0.973896   0.223168   0.363125
      0.17   0.973824   0.223825    0.36399
      0.18   0.973107   0.224126   0.364338
      0.19   0.972892    0.22507   0.365568
       0.2   0.971816   0.226004   0.366724
      0.21   0.971744   0.227445   0.368613
      0.22   0.971744   0.229164   0.370868
      0.23   0.971529   0.230396   0.372463
      0.24    0.97117    0.23274   0.375493
      0.25   0.970668   0.233801   0.376835
      0.26   0.970023    0.23618    0.37987
      0.27   0.970023   0.237637   0.381752
      0.28   0.969951   0.240695   0.385682
      0.29   0.969162   0.242703   0.388193
       0.3    0.96529   0.245177   0.391034
      0.31   0.963282   0.247722   0.394097
      0.32   0.961059   0.249922   0.396686
      0.33   0.956397   0.253461   0.400724
      0.34   0.955752   0.256698   0.404701
      0.35   0.955178   0.261613   0.410731
      0.36   0.954819   0.264314   0.414019
      0.37   0.953672   0.268479      0.419
      0.38   0.949799   0.271484   0.422269
      0.39    0.94901   0.276131    0.42779
       0.4   0.947433   0.279455   0.431604
      0.41   0.947146   0.285099   0.438273
      0.42   0.944205   0.289725   0.443397
      0.43   0.943775   0.293773   0.448072
      0.44   0.940978   0.298631   0.453378
      0.45   0.939042   0.302065   0.457095
      0.46   0.936532   0.307745   0.463262
      0.47   0.935098   0.311109   0.466885
      0.48   0.931655   0.317086    0.47314
      0.49    0.92936   0.320777   0.476936
       0.5   0.925344   0.327492   0.483771
      0.51   0.923695   0.333657   0.490232
      0.52   0.920611   0.337446   0.493867
      0.53   0.914659   0.342686   0.498575
      0.54   0.913153   0.347313   0.503226
      0.55   0.908778   0.353312    0.50881
      0.56   0.906053   0.357867   0.513081
      0.57   0.904403    0.36329    0.51836
      0.58   0.903543   0.367198   0.522182
      0.59   0.898092   0.371302    0.52539
       0.6   0.897734   0.376159   0.530171
      0.61   0.896084   0.381916   0.535569
      0.62   0.892714    0.38723   0.540157
      0.63   0.888769   0.390327   0.542431
      0.64   0.886403   0.396167   0.547594
      0.65   0.883749   0.400611   0.551309
      0.66    0.88045   0.405475   0.555243
      0.67   0.878371   0.408688    0.55783
      0.68   0.865247   0.412843   0.558976
      0.69   0.863884   0.416126    0.56169
       0.7   0.861231   0.420983   0.565527
      0.71   0.857717   0.427836   0.570901
      0.72    0.85535   0.430397   0.572648
      0.73   0.853414   0.435591   0.576785
      0.74   0.850904   0.438627   0.578861
      0.75   0.847533   0.443444   0.582247
      0.76   0.846314   0.446911   0.584936
      0.77   0.839286   0.450136   0.585988
      0.78   0.837134   0.453028   0.587903
      0.79   0.832042   0.457791   0.590621
       0.8   0.830752   0.462252   0.593992
      0.81   0.825516     0.4664   0.596046
      0.82   0.820066   0.469855    0.59742
      0.83   0.817484   0.470866   0.597548
      0.84   0.814544   0.473917   0.599205
      0.85   0.810241   0.476395   0.600006
      0.86    0.80938   0.480016   0.602632
      0.87   0.803571   0.481176   0.601922
      0.88   0.796902   0.483368   0.601743
      0.89    0.79432    0.48647   0.603397
       0.9   0.782846   0.490936   0.603443
      0.91   0.776822   0.495327   0.604931
      0.92   0.773881   0.499449   0.607092
      0.93   0.770582    0.50426   0.609603
      0.94   0.770009   0.507253   0.611604
      0.95    0.76255   0.510947   0.611894
      0.96   0.761331   0.514359   0.613938
      0.97   0.756885   0.516405   0.613936
      0.98   0.754446   0.518304   0.614469
      0.99   0.743115   0.521462   0.612863
