         0          1   0.171113   0.292223
      0.01   0.968851   0.142861   0.249006
      0.02   0.968851   0.142861   0.249006
      0.03   0.968851   0.142866   0.249012
      0.04   0.968851    0.14287   0.249018
      0.05   0.968851    0.14287   0.249018
      0.06   0.968851   0.142882   0.249038
      0.07   0.968851   0.142878   0.249031
      0.08   0.968851   0.142899   0.249063
      0.09   0.968851    0.14292   0.249095
       0.1   0.968851   0.142895   0.249057
      0.11   0.968851   0.142946   0.249134
      0.12   0.968851   0.142929   0.249108
      0.13   0.968851   0.142929   0.249108
      0.14   0.968851   0.142954   0.249147
      0.15   0.968851   0.142954   0.249147
      0.16   0.968851   0.143043   0.249282
      0.17   0.968851   0.142963    0.24916
      0.18   0.968851   0.143035   0.249269
      0.19   0.968851   0.142929   0.249109
       0.2   0.968851   0.143006   0.249225
      0.21   0.968851   0.143125   0.249406
      0.22   0.968851   0.143266    0.24962
      0.23   0.968851   0.143348   0.249744
      0.24   0.968851   0.143451   0.249901
      0.25   0.968851   0.143538   0.250033
      0.26   0.968851   0.143716   0.250303
      0.27   0.968851    0.14377   0.250385
      0.28   0.968851   0.143807   0.250441
      0.29   0.968851   0.144074   0.250845
       0.3   0.968851   0.144326   0.251227
      0.31   0.968851   0.144542   0.251555
      0.32   0.968756   0.144674   0.251752
      0.33   0.968756   0.144784   0.251918
      0.34   0.968756   0.144977    0.25221
      0.35   0.968184   0.145429   0.252874
      0.36   0.968184   0.145732   0.253332
      0.37   0.968184    0.14613   0.253933
      0.38   0.968184    0.14646   0.254431
      0.39   0.967803   0.146617   0.254656
       0.4   0.967613   0.146988   0.255208
      0.41   0.967613    0.14741   0.255844
      0.42   0.967613   0.147864   0.256528
      0.43   0.967613   0.148312   0.257201
      0.44   0.967613   0.148706   0.257794
      0.45   0.967327   0.148914   0.258096
      0.46   0.966851    0.14934   0.258719
      0.47   0.966851   0.149826   0.259448
      0.48   0.966851   0.150354   0.260239
      0.49   0.966375   0.150767    0.26084
       0.5   0.966375   0.151472   0.261894
      0.51   0.966375   0.152391   0.263267
      0.52   0.966089   0.152856    0.26395
      0.53   0.964279   0.153418   0.264719
      0.54   0.964184   0.153986    0.26556
      0.55   0.963993   0.155021    0.26709
      0.56   0.963993   0.155876    0.26836
      0.57   0.963422   0.156781   0.269676
      0.58   0.962945   0.157405    0.27058
      0.59   0.960945   0.158094   0.271518
       0.6    0.96085   0.158721   0.272438
      0.61    0.96085   0.159697   0.273875
      0.62   0.960564   0.160619   0.275217
      0.63   0.960373   0.161121   0.275946
      0.64   0.960088   0.161935   0.277128
      0.65    0.95923    0.16272    0.27824
      0.66   0.958183    0.16398   0.280035
      0.67   0.957992   0.164761   0.281165
      0.68   0.956754   0.165787   0.282605
      0.69   0.955706    0.16637   0.283405
       0.7   0.954753   0.167384   0.284832
      0.71   0.953324   0.168527   0.286421
      0.72   0.952753   0.169336   0.287562
      0.73   0.950276   0.170699   0.289411
      0.74   0.949514   0.171566   0.290621
      0.75    0.94799   0.172779   0.292286
      0.76   0.947228   0.173872   0.293812
      0.77   0.945132    0.17451   0.294621
      0.78   0.943418    0.17507   0.295334
      0.79   0.941608   0.176332   0.297038
       0.8   0.941132    0.17736   0.298472
      0.81   0.939798   0.178943   0.300642
      0.82   0.938369   0.180903   0.303329
      0.83   0.936464   0.181665   0.304298
      0.84   0.934749    0.18286   0.305882
      0.85   0.933035   0.183911   0.307258
      0.86   0.927891   0.184886   0.308336
      0.87   0.926367    0.18581   0.309533
      0.88   0.922652    0.18724   0.311305
      0.89   0.921509   0.187902   0.312153
       0.9    0.92008   0.188938     0.3135
      0.91    0.91246   0.190935    0.31579
      0.92   0.911221   0.192622   0.318019
      0.93   0.910078   0.194546   0.320565
      0.94   0.906077   0.195623   0.321775
      0.95   0.902458     0.1982   0.325019
      0.96   0.900934   0.199448   0.326595
      0.97   0.899886   0.201068   0.328693
      0.98   0.896266   0.202187   0.329943
      0.99    0.89417   0.203952   0.332145
