         0          1   0.391539   0.562742
      0.01   0.875491   0.479922   0.619984
      0.02   0.875491   0.479922   0.619984
      0.03   0.875491   0.479922   0.619984
      0.04   0.875491   0.479922   0.619984
      0.05   0.875491    0.47992   0.619983
      0.06   0.875491    0.47992   0.619983
      0.07   0.875491    0.47992   0.619983
      0.08   0.875491   0.479892   0.619959
      0.09   0.875491    0.47989   0.619957
       0.1   0.875491   0.479777   0.619863
      0.11   0.875491   0.479773    0.61986
      0.12   0.875491   0.479768   0.619856
      0.13   0.875491    0.47974   0.619833
      0.14   0.875491   0.479654    0.61976
      0.15   0.875456   0.479614   0.619719
      0.16   0.875456   0.479742   0.619825
      0.17   0.875456   0.479831   0.619899
      0.18   0.875456   0.479711     0.6198
      0.19   0.875456   0.479768   0.619847
       0.2   0.875421   0.479909   0.619955
      0.21   0.875245   0.479791   0.619813
      0.22    0.87465   0.479983   0.619824
      0.23   0.873738   0.480094   0.619688
      0.24   0.872687   0.480372   0.619654
      0.25   0.872512   0.480787   0.619955
      0.26   0.871846   0.481742    0.62058
      0.27    0.87097   0.482044   0.620608
      0.28   0.869498   0.482446   0.620567
      0.29   0.868061   0.482511   0.620254
       0.3   0.867816   0.483512   0.621018
      0.31    0.86694   0.485134   0.622129
      0.32    0.86673   0.485909   0.622712
      0.33   0.865293   0.487072   0.623294
      0.34   0.864943   0.487799   0.623797
      0.35   0.862945   0.488272   0.623663
      0.36    0.86263   0.489247   0.624375
      0.37   0.859861   0.490122   0.624359
      0.38   0.859511   0.491251   0.625182
      0.39   0.856602   0.492457   0.625383
       0.4   0.853553   0.493139   0.625117
      0.41   0.851311   0.494768    0.62582
      0.42   0.847911   0.496786   0.626506
      0.43   0.845634   0.497236    0.62624
      0.44   0.843706   0.498598   0.626788
      0.45   0.841639    0.49944    0.62688
      0.46    0.83887   0.501747   0.627921
      0.47   0.836417   0.502684   0.627963
      0.48   0.831651   0.503667   0.627379
      0.49   0.829373   0.505046   0.627796
       0.5   0.824152   0.507154   0.627913
      0.51   0.817354   0.509526   0.627733
      0.52   0.812588   0.510577   0.627115
      0.53   0.808382   0.514085   0.628488
      0.54   0.802951   0.515377   0.627799
      0.55   0.797028   0.516544    0.62684
      0.56   0.791632   0.517392   0.625785
      0.57   0.785359   0.518792   0.624832
      0.58   0.779857   0.519717   0.623751
      0.59   0.771482   0.521597   0.622394
       0.6   0.768117   0.522412   0.621875
      0.61    0.75841   0.524145   0.619882
      0.62   0.749089   0.526531   0.618395
      0.63   0.745725   0.528792   0.618796
      0.64   0.740293   0.530175   0.617859
      0.65   0.734861   0.531159   0.616623
      0.66   0.730235   0.533295   0.616417
      0.67   0.722946    0.53481   0.614807
      0.68   0.717059    0.53492   0.612741
      0.69   0.714431    0.53658   0.612864
       0.7    0.70984   0.539538   0.613082
      0.71   0.703918    0.54141   0.612061
      0.72   0.697785   0.541662   0.609891
      0.73   0.686817   0.543746   0.606964
      0.74   0.683593   0.545116   0.606551
      0.75   0.678091   0.546838   0.605433
      0.76   0.675042   0.548534   0.605248
      0.77   0.670311   0.550833   0.604727
      0.78   0.665545   0.551867   0.603399
      0.79   0.659202   0.553256     0.6016
       0.8   0.654962   0.554054   0.600297
      0.81   0.648795   0.557034   0.599423
      0.82   0.641225   0.559123   0.597366
      0.83   0.635057   0.560682   0.595556
      0.84   0.627383   0.562567    0.59321
      0.85   0.624685   0.563312   0.592413
      0.86   0.618447   0.565844   0.590977
      0.87   0.615258   0.567032   0.590161
      0.88   0.610036   0.569209   0.588916
      0.89   0.605376   0.570239   0.587283
       0.9   0.595458   0.571814   0.583397
      0.91   0.589186   0.575632    0.58233
      0.92   0.585156   0.577432   0.581268
      0.93   0.579619   0.580019   0.579819
      0.94   0.574923   0.581433    0.57816
      0.95   0.569877   0.584037    0.57687
      0.96   0.565426    0.58666   0.575847
      0.97   0.560906    0.58951   0.574852
      0.98   0.558067   0.592108   0.574584
      0.99   0.554878   0.595047   0.574261
