         0          1   0.216663    0.35616
      0.01   0.996649   0.699411   0.821984
      0.02   0.996649   0.699411   0.821984
      0.03   0.996649   0.699411   0.821984
      0.04   0.996649   0.699411   0.821984
      0.05   0.996649   0.699411   0.821984
      0.06   0.996649   0.699411   0.821984
      0.07   0.996649   0.699411   0.821984
      0.08   0.996649   0.699368   0.821955
      0.09   0.996649   0.699368   0.821955
       0.1   0.996649   0.699761   0.822226
      0.11   0.996649   0.700703   0.822876
      0.12   0.996649   0.701056   0.823119
      0.13   0.996558   0.701169   0.823166
      0.14   0.996558    0.70124   0.823215
      0.15   0.996467   0.701608   0.823438
      0.16   0.996467   0.701623   0.823448
      0.17   0.996467    0.70229   0.823907
      0.18   0.996467    0.70232   0.823928
      0.19   0.996467    0.70332   0.824615
       0.2   0.996467   0.703909    0.82502
      0.21   0.996422   0.705824   0.826318
      0.22   0.996422   0.706716    0.82693
      0.23   0.996422   0.707807   0.827676
      0.24   0.996422   0.708976   0.828474
      0.25   0.996422   0.709869   0.829083
      0.26   0.996422   0.711195   0.829987
      0.27   0.996377    0.71262   0.830941
      0.28   0.996286   0.713868   0.831757
      0.29   0.996286   0.715439   0.832823
       0.3   0.996105    0.71751   0.834161
      0.31   0.995697    0.71869   0.834814
      0.32   0.995652   0.720685   0.836143
      0.33    0.99538   0.722272   0.837114
      0.34    0.99538   0.723781   0.838127
      0.35    0.99538   0.726094   0.839675
      0.36   0.995335   0.728057    0.84097
      0.37    0.99529   0.730717   0.842725
      0.38   0.995154   0.732345   0.843758
      0.39   0.995154   0.735552   0.845883
       0.4   0.995109   0.736517   0.846504
      0.41   0.995018    0.73936   0.848346
      0.42   0.994701   0.742374   0.850211
      0.43   0.994611   0.743485   0.850906
      0.44   0.993841   0.746875   0.852839
      0.45   0.993795   0.748808   0.854081
      0.46   0.993614   0.750239   0.854944
      0.47   0.992663   0.752326   0.855944
      0.48   0.992572   0.755577    0.85801
      0.49   0.992437   0.758078   0.859569
       0.5   0.992391   0.760033   0.860807
      0.51   0.991984   0.763681   0.862988
      0.52   0.990942   0.764764   0.863284
      0.53   0.990806   0.768937   0.865885
      0.54   0.990806   0.770809   0.867071
      0.55   0.990806   0.773993   0.869082
      0.56   0.989991   0.776167   0.870136
      0.57   0.987772   0.779022   0.871065
      0.58   0.987772   0.781511   0.872619
      0.59   0.987726   0.784344   0.874364
       0.6   0.987092   0.785641    0.87492
      0.61   0.986413   0.788581   0.876473
      0.62   0.986005   0.791094   0.877861
      0.63   0.985462   0.793501   0.879125
      0.64   0.985417   0.796628   0.881022
      0.65   0.985371   0.798204   0.881967
      0.66   0.985326   0.802161   0.884359
      0.67   0.985326   0.804301   0.885658
      0.68   0.983379   0.806475   0.886184
      0.69   0.983333   0.809233   0.887829
       0.7   0.982926   0.811294   0.888901
      0.71   0.982518   0.815622   0.891325
      0.72   0.982382   0.817834   0.892588
      0.73   0.982201   0.820767   0.894257
      0.74   0.981159   0.823074   0.895191
      0.75   0.981159   0.827919   0.898049
      0.76   0.981069   0.830875   0.899747
      0.77   0.980888   0.834398   0.901732
      0.78   0.980888   0.837266   0.903404
      0.79   0.980571   0.842406   0.906252
       0.8   0.980571   0.844992   0.907747
      0.81   0.980118   0.848998   0.909858
      0.82   0.979982   0.853181   0.912196
      0.83   0.979846   0.855863   0.913668
      0.84   0.979665    0.85989   0.915878
      0.85   0.979529   0.862266   0.917165
      0.86   0.979031   0.867104   0.919674
      0.87   0.978759   0.869487   0.920893
      0.88   0.978487   0.873845    0.92321
      0.89    0.97817   0.876361   0.924471
       0.9    0.97817   0.879699   0.926325
      0.91   0.977763   0.884812   0.928968
      0.92   0.977763   0.887608   0.930507
      0.93   0.977536   0.890755    0.93213
      0.94   0.977446   0.893258   0.933458
      0.95     0.9774   0.896653   0.935287
      0.96   0.977355   0.897946   0.935969
      0.97   0.977355   0.902048   0.938193
      0.98   0.977355   0.904046   0.939272
      0.99   0.977219   0.905785   0.940147
