         0          1   0.205491   0.340925
      0.01   0.952337   0.300538   0.456891
      0.02   0.952337   0.300538   0.456891
      0.03   0.952337   0.300538   0.456891
      0.04   0.952337   0.300538   0.456891
      0.05   0.952337   0.300538   0.456891
      0.06   0.952337   0.300554   0.456909
      0.07   0.952337     0.3006   0.456963
      0.08   0.952337   0.300678   0.457053
      0.09   0.952337   0.300689   0.457065
       0.1   0.952337   0.300871   0.457275
      0.11   0.952337   0.300897   0.457306
      0.12   0.952337   0.300981   0.457402
      0.13   0.952337   0.301248   0.457711
      0.14   0.952337   0.301658   0.458183
      0.15   0.952337   0.302569   0.459234
      0.16   0.952254   0.303172   0.459918
      0.17   0.952171    0.30415   0.461033
      0.18   0.951504   0.305055   0.461994
      0.19   0.950754   0.305797   0.462755
       0.2   0.950671   0.306979   0.464097
      0.21   0.950671   0.308632   0.465984
      0.22   0.949504    0.31017   0.467593
      0.23   0.948838   0.310789   0.468215
      0.24   0.947171   0.311838     0.4692
      0.25   0.946421   0.313019   0.470443
      0.26   0.944005   0.314825   0.472178
      0.27   0.943421   0.315727    0.47312
      0.28   0.941755   0.316791   0.474102
      0.29   0.939922   0.317911   0.475121
       0.3   0.937505   0.319848   0.476969
      0.31   0.933339   0.321841   0.478636
      0.32   0.931756   0.323391   0.480137
      0.33   0.926673   0.325792   0.482094
      0.34   0.921007   0.327301   0.482968
      0.35   0.915507   0.329965   0.485093
      0.36   0.911757   0.331008    0.48569
      0.37   0.899842   0.332924   0.486027
      0.38   0.895592   0.335342    0.48797
      0.39   0.890926   0.337072   0.489099
       0.4   0.885593   0.338241   0.489517
      0.41   0.877427   0.339871   0.489958
      0.42   0.873511   0.341885   0.491429
      0.43   0.864511   0.342609   0.490737
      0.44   0.854595    0.34415   0.490695
      0.45   0.847346   0.346336   0.491699
      0.46    0.84193   0.349317   0.493769
      0.47    0.83768   0.350949   0.494659
      0.48   0.830431   0.352882   0.495294
      0.49   0.826098   0.353925   0.495544
       0.5   0.816932   0.356423   0.496309
      0.51   0.812099   0.359218   0.498107
      0.52   0.806099   0.361318   0.498979
      0.53   0.799683   0.364959   0.501187
      0.54    0.79585   0.366455   0.501836
      0.55   0.779518   0.369999   0.501812
      0.56   0.772269   0.371556   0.501722
      0.57   0.764103   0.373744   0.501964
      0.58   0.756854    0.37513    0.50163
      0.59   0.746688   0.376551   0.500634
       0.6   0.740272   0.378175   0.500609
      0.61   0.733522   0.382474   0.502785
      0.62   0.728856   0.384625   0.503531
      0.63   0.723106   0.387021    0.50419
      0.64   0.713524    0.39006   0.504388
      0.65   0.710107   0.393479   0.506371
      0.66   0.705275   0.396486   0.507609
      0.67   0.699858   0.398798   0.508079
      0.68   0.692026   0.403645   0.509885
      0.69   0.689026   0.406825    0.51159
       0.7    0.67811   0.410178   0.511162
      0.71   0.669528   0.414569   0.512068
      0.72   0.661528   0.417067   0.511594
      0.73   0.654779   0.421774   0.513061
      0.74   0.653196   0.424232   0.514386
      0.75   0.647613   0.429432   0.516424
      0.76   0.646029    0.43185   0.517661
      0.77   0.642363   0.436275   0.519631
      0.78   0.633031   0.437912   0.517697
      0.79   0.630281   0.442558   0.519996
       0.8   0.620198   0.444916   0.518134
      0.81   0.608199   0.449474   0.516927
      0.82    0.60445   0.454212   0.518671
      0.83   0.603366    0.45703   0.520101
      0.84   0.595867   0.463342   0.521314
      0.85   0.592867   0.466334   0.522042
      0.86   0.589701   0.470943   0.523674
      0.87   0.587118   0.475496   0.525444
      0.88   0.581702   0.479606   0.525743
      0.89   0.576619   0.482437    0.52534
       0.9   0.575119   0.486254   0.526966
      0.91   0.569869   0.490423    0.52717
      0.92   0.568869   0.493843   0.528708
      0.93   0.561287   0.499868     0.5288
      0.94   0.557954   0.504441    0.52985
      0.95   0.554037   0.507705    0.52986
      0.96   0.551121   0.511173   0.530396
      0.97   0.547954   0.518124   0.532622
      0.98   0.547038   0.520986   0.533694
      0.99   0.543871   0.524857   0.534195
