         0          1   0.214804   0.353644
      0.01   0.949466    0.46403   0.623392
      0.02   0.949466   0.464075   0.623432
      0.03   0.949466   0.464075   0.623432
      0.04   0.949466    0.46421   0.623554
      0.05   0.949466   0.464524   0.623837
      0.06   0.949466   0.465721   0.624916
      0.07   0.949466   0.466641   0.625743
      0.08   0.949466   0.468533   0.627442
      0.09   0.949466    0.47104   0.629686
       0.1   0.949392   0.474738   0.632966
      0.11   0.949093   0.478613   0.636333
      0.12   0.948944    0.48196    0.63925
      0.13    0.94872   0.488158   0.644627
      0.14   0.947526   0.492111   0.647785
      0.15   0.946182   0.499617   0.653934
      0.16   0.944241   0.505772   0.658712
      0.17    0.94021   0.514223   0.664833
      0.18   0.937598   0.520676   0.669538
      0.19   0.933791   0.530103   0.676286
       0.2   0.930656   0.536872   0.680932
      0.21   0.927745    0.54648   0.687811
      0.22   0.923117   0.557643   0.695278
      0.23   0.918191    0.56417   0.698906
      0.24    0.91095   0.577006   0.706504
      0.25   0.908263   0.585072   0.711695
      0.26   0.905203   0.595822   0.718629
      0.27   0.903113   0.603211   0.723308
      0.28   0.898485   0.613571   0.729185
      0.29    0.89632   0.619844   0.732874
       0.3    0.89117   0.628443   0.737095
      0.31   0.884676    0.63705   0.740715
      0.32   0.880272   0.642882   0.743078
      0.33   0.874823   0.649545   0.745538
      0.34   0.873778   0.653881   0.748003
      0.35   0.869001   0.663263    0.75232
      0.36   0.868478   0.669306   0.755994
      0.37   0.864746   0.677152   0.759537
      0.38   0.860939   0.683281    0.76189
      0.39   0.856162   0.690858   0.764678
       0.4   0.850414   0.696414   0.765748
      0.41   0.847802   0.703005   0.768644
      0.42   0.842278   0.709869   0.770426
      0.43   0.838173   0.713824   0.771017
      0.44   0.834441   0.720149   0.773094
      0.45   0.831977   0.724705   0.774645
      0.46    0.82817   0.728322   0.775044
      0.47   0.825857   0.732523   0.776395
      0.48   0.820034   0.739466   0.777669
      0.49   0.818765   0.742939   0.779011
       0.5   0.814585   0.746915   0.779284
      0.51   0.810928   0.751595   0.780135
      0.52   0.807345   0.754661   0.780114
      0.53   0.803314    0.75769   0.779836
      0.54   0.799358   0.759193   0.778758
      0.55   0.796671    0.76172   0.778803
      0.56   0.794432   0.763613   0.778717
      0.57    0.78958   0.767306   0.778283
      0.58   0.786445   0.770346   0.778312
      0.59   0.783683   0.774448   0.779038
       0.6    0.78122    0.77683   0.779019
      0.61    0.76868   0.778398   0.773508
      0.62   0.758006   0.779445   0.768576
      0.63   0.753825   0.782161   0.767732
      0.64    0.74666   0.782773    0.76429
      0.65   0.742106   0.784061   0.762507
      0.66   0.737852   0.784104   0.760275
      0.67   0.735911   0.784689   0.759518
      0.68   0.731955    0.78764   0.758777
      0.69   0.725088   0.788767   0.755588
       0.7   0.720534   0.792377    0.75475
      0.71   0.719639   0.794671   0.755296
      0.72   0.715981   0.796766   0.754217
      0.73   0.711876   0.797171   0.752113
      0.74   0.710607   0.798703   0.752084
      0.75   0.704038   0.801185   0.749477
      0.76   0.699186   0.801997   0.747071
      0.77   0.696649   0.804919    0.74688
      0.78   0.695977   0.805631     0.7468
      0.79    0.69105   0.806806   0.744455
       0.8    0.68896   0.807346    0.74347
      0.81   0.685153    0.80872   0.741826
      0.82   0.680376   0.810936   0.739941
      0.83   0.678958   0.811824    0.73947
      0.84   0.676569   0.814788   0.739274
      0.85   0.674255   0.815527   0.738193
      0.86    0.66709   0.817128   0.734525
      0.87   0.662089   0.818627   0.732083
      0.88   0.657237   0.819816   0.729579
      0.89   0.655893   0.821277   0.729327
       0.9   0.653131   0.822859   0.728237
      0.91    0.64716   0.822967   0.724551
      0.92    0.64298     0.8236   0.722168
      0.93   0.630888   0.824346   0.714758
      0.94   0.626409   0.824959   0.712103
      0.95   0.621109   0.824686   0.708565
      0.96   0.618049    0.82425   0.706409
      0.97   0.609614   0.823504   0.700598
      0.98   0.607599   0.823274   0.699182
      0.99   0.599388   0.823452   0.693777
