         0          1   0.406617   0.578148
      0.01   0.877834   0.588185   0.704396
      0.02   0.877834   0.588185   0.704396
      0.03   0.877834   0.588185   0.704396
      0.04   0.877834   0.588185   0.704396
      0.05   0.877834   0.588194   0.704403
      0.06   0.877834   0.588194   0.704403
      0.07   0.877834   0.588267   0.704454
      0.08   0.877834   0.588295   0.704475
      0.09   0.877834   0.588408   0.704556
       0.1   0.877834    0.58854   0.704651
      0.11   0.877834     0.5886   0.704693
      0.12   0.877834   0.588834   0.704861
      0.13   0.877755   0.588872   0.704863
      0.14   0.877636   0.589151   0.705024
      0.15   0.877596   0.590067   0.705667
      0.16   0.877477   0.590382   0.705853
      0.17   0.877358    0.59104   0.706285
      0.18   0.877121   0.591472   0.706516
      0.19   0.876724   0.592041   0.706793
       0.2   0.876486   0.592428   0.706992
      0.21   0.875218   0.593588   0.707403
      0.22    0.87502   0.594865   0.708244
      0.23   0.874306   0.595214   0.708258
      0.24    0.87395   0.596596   0.709118
      0.25   0.873791   0.597451   0.709669
      0.26     0.8728    0.59961   0.710861
      0.27    0.87173   0.600578   0.711185
      0.28   0.869708   0.601299   0.711016
      0.29   0.869312   0.602394   0.711648
       0.3   0.867687    0.60348   0.711859
      0.31    0.86626   0.605357   0.712681
      0.32   0.865546   0.606287   0.713083
      0.33   0.863485   0.607556   0.713257
      0.34    0.86075   0.608939   0.713272
      0.35   0.859402   0.610103   0.713606
      0.36   0.858134   0.611211   0.713925
      0.37   0.855676   0.613826   0.714849
      0.38   0.851871   0.614746   0.714139
      0.39   0.850721    0.61685   0.715151
       0.4   0.848938   0.617635   0.715046
      0.41   0.847273   0.619933    0.71599
      0.42   0.843349    0.62255   0.716321
      0.43   0.840138   0.624371    0.71636
      0.44    0.83776   0.626246   0.716723
      0.45    0.83657   0.627148   0.716877
      0.46   0.832527   0.630316   0.717446
      0.47   0.828762   0.632126    0.71721
      0.48   0.823728   0.634309   0.716714
      0.49   0.820358   0.635056   0.715911
       0.5   0.817187   0.637145   0.716022
      0.51    0.81255    0.63999    0.71602
      0.52   0.807515   0.640967   0.714666
      0.53   0.803036   0.643934   0.714738
      0.54   0.799984   0.644809   0.714064
      0.55   0.795545    0.64813   0.714311
      0.56   0.792572   0.649792   0.714115
      0.57   0.786666   0.649972   0.711816
      0.58   0.782583   0.651008   0.710757
      0.59   0.776558   0.652887   0.709373
       0.6   0.771643   0.653352   0.707587
      0.61    0.76427   0.655313    0.70561
      0.62   0.759434   0.656396   0.704165
      0.63   0.755827   0.657366   0.703167
      0.64   0.748097   0.659346   0.700924
      0.65   0.745362   0.659955   0.700064
      0.66   0.739377   0.661657   0.698361
      0.67   0.734422   0.662363   0.696534
      0.68   0.728595    0.66384   0.694712
      0.69   0.725028    0.66556   0.694022
       0.7   0.720469   0.668805   0.693677
      0.71   0.714167   0.670358    0.69157
      0.72   0.712026   0.672751   0.691832
      0.73   0.707864   0.673221   0.690108
      0.74   0.702672   0.673536   0.687795
      0.75   0.697003   0.674754   0.685698
      0.76   0.691414   0.676166   0.683705
      0.77   0.687926   0.680576   0.684231
      0.78   0.683764    0.68107   0.682414
      0.79   0.678611    0.68288   0.680739
       0.8   0.673181   0.683555   0.678328
      0.81    0.66446    0.68533   0.674734
      0.82   0.661527   0.690131   0.675526
      0.83   0.657008   0.691616   0.673868
      0.84   0.652291   0.693004   0.672031
      0.85   0.649477   0.692883   0.670478
      0.86   0.642263   0.695435   0.667792
      0.87   0.638418   0.697205   0.666518
      0.88   0.633146   0.697991   0.663989
      0.89   0.630252   0.700493   0.663519
       0.9    0.62498   0.700756   0.660702
      0.91   0.621849    0.70364   0.660221
      0.92   0.619867   0.703994   0.659258
      0.93   0.614238   0.705966   0.656916
      0.94   0.612256   0.706987    0.65622
      0.95    0.60413   0.708025   0.651965
      0.96   0.599096   0.709756   0.649748
      0.97   0.592833   0.712858   0.647329
      0.98    0.58665   0.715291   0.644615
      0.99   0.579515   0.714684   0.640041
