         0          1   0.364376   0.534128
      0.01   0.957472   0.398966   0.563238
      0.02   0.957472   0.398966   0.563238
      0.03   0.957472   0.398966   0.563238
      0.04   0.957472   0.398966   0.563238
      0.05   0.957472   0.398966   0.563238
      0.06   0.957472   0.398966   0.563238
      0.07   0.957472   0.398981   0.563253
      0.08   0.957472   0.398973   0.563245
      0.09   0.957472   0.398951   0.563223
       0.1   0.957472    0.39898   0.563253
      0.11   0.957472   0.398936   0.563209
      0.12   0.957472   0.398966   0.563238
      0.13   0.957472   0.398987    0.56326
      0.14   0.957472   0.399024   0.563296
      0.15   0.957472   0.399017   0.563289
      0.16   0.957472   0.399038    0.56331
      0.17   0.957472   0.399082   0.563354
      0.18   0.957472   0.399141   0.563412
      0.19   0.957265    0.39917   0.563405
       0.2   0.957265   0.399265     0.5635
      0.21   0.957265   0.399412   0.563646
      0.22   0.957265   0.399456    0.56369
      0.23   0.957265   0.399558   0.563792
      0.24   0.957265   0.399683   0.563917
      0.25   0.957265   0.399808   0.564041
      0.26   0.957265   0.399993   0.564224
      0.27    0.95711   0.400148   0.564352
      0.28    0.95711    0.40051   0.564712
      0.29    0.95711   0.400644   0.564845
       0.3   0.957058   0.400875   0.565066
      0.31   0.957058   0.401263   0.565451
      0.32   0.957058    0.40151   0.565696
      0.33   0.956851    0.40176   0.565908
      0.34   0.956747   0.402113    0.56624
      0.35   0.956747   0.402704   0.566826
      0.36   0.956488   0.402837   0.566912
      0.37   0.956488   0.403168    0.56724
      0.38   0.956436   0.403248    0.56731
      0.39   0.956333    0.40408   0.568114
       0.4   0.956177   0.404615   0.568615
      0.41   0.956177   0.404983   0.568979
      0.42   0.956125   0.405046   0.569032
      0.43   0.955918   0.405253   0.569199
      0.44   0.955659   0.405762   0.569655
      0.45   0.955607   0.406262   0.570138
      0.46     0.9554   0.406666   0.570499
      0.47   0.955245   0.406863   0.570665
      0.48   0.954882   0.407603   0.571327
      0.49   0.954468   0.408094   0.571736
       0.5   0.954002   0.408905   0.572447
      0.51   0.953691   0.409962   0.573426
      0.52   0.953535   0.410317   0.573745
      0.53   0.952655   0.411014   0.574267
      0.54   0.952551   0.411691   0.574907
      0.55    0.95224   0.412891    0.57602
      0.56   0.951774   0.413601   0.576625
      0.57   0.951101   0.414582   0.577454
      0.58   0.950842   0.415455   0.578253
      0.59   0.949547   0.416515   0.579038
       0.6   0.949391   0.417663   0.580117
      0.61   0.948459   0.418514   0.580762
      0.62   0.947527   0.420017   0.582033
      0.63    0.94706   0.420362   0.582275
      0.64   0.945144   0.421278    0.58279
      0.65   0.943797   0.422534   0.583733
      0.66   0.942657   0.423251   0.584199
      0.67   0.942554   0.423863   0.584761
      0.68   0.940637   0.424863   0.585341
      0.69   0.939342   0.425631   0.585818
       0.7   0.937633   0.426563   0.586367
      0.71   0.935613   0.427858   0.587192
      0.72   0.934318   0.428531   0.587569
      0.73   0.932971   0.429957    0.58864
      0.74   0.931935   0.430875   0.589293
      0.75   0.929086   0.432168   0.589928
      0.76   0.928671   0.432889   0.590516
      0.77   0.924942   0.434266   0.591036
      0.78   0.921316   0.434618    0.59062
      0.79    0.91567   0.436249   0.590952
       0.8    0.91251   0.437156   0.591123
      0.81   0.910593   0.438167   0.591643
      0.82    0.90733   0.438877   0.591597
      0.83   0.905828   0.439862   0.592171
      0.84   0.901166   0.441384   0.592544
      0.85   0.899249   0.442692   0.593305
      0.86   0.897695    0.44412   0.594246
      0.87   0.895726   0.445149   0.594733
      0.88   0.893344   0.446732   0.595616
      0.89   0.892049   0.447733   0.596216
       0.9   0.888682   0.448536   0.596172
      0.91     0.8849   0.450403   0.596961
      0.92   0.882258   0.451305   0.597148
      0.93   0.878891   0.452686    0.59758
      0.94   0.876612   0.453432     0.5977
      0.95   0.871898   0.454429   0.597463
      0.96   0.870707    0.45545   0.598064
      0.97   0.865993   0.456974   0.598256
      0.98   0.864232   0.458494   0.599134
      0.99   0.862678   0.460288   0.600288
