         0          1   0.374026   0.544424
      0.01   0.745755   0.334555   0.461897
      0.02   0.745755   0.334555   0.461897
      0.03   0.745755   0.334555   0.461897
      0.04   0.745755   0.334555   0.461897
      0.05   0.745755   0.334555   0.461897
      0.06   0.745755   0.334555   0.461897
      0.07   0.745755   0.334555   0.461897
      0.08   0.745755     0.3346    0.46194
      0.09   0.745755     0.3346    0.46194
       0.1   0.745755   0.334614   0.461954
      0.11   0.745755   0.334614   0.461954
      0.12   0.745755   0.334659   0.461996
      0.13   0.745755   0.334747    0.46208
      0.14   0.745755   0.334836   0.462165
      0.15   0.745755    0.33494   0.462264
      0.16   0.745755   0.335014   0.462334
      0.17   0.745755   0.335059   0.462377
      0.18   0.745755   0.335044   0.462363
      0.19   0.745755    0.33506   0.462378
       0.2   0.745755    0.33506   0.462378
      0.21   0.745755   0.335224   0.462534
      0.22   0.745755   0.335343   0.462647
      0.23   0.745755   0.335403   0.462704
      0.24   0.745755   0.335522   0.462818
      0.25   0.745755   0.335568   0.462861
      0.26   0.745755   0.335733   0.463019
      0.27   0.745755   0.335704   0.462991
      0.28   0.745755   0.335915   0.463191
      0.29   0.745755    0.33596   0.463235
       0.3   0.745635   0.335874    0.46313
      0.31   0.745516   0.335802   0.463038
      0.32   0.745516    0.33585   0.463084
      0.33   0.745516   0.335779   0.463016
      0.34   0.745397    0.33584   0.463052
      0.35   0.745397   0.335963   0.463168
      0.36   0.745397   0.335936   0.463142
      0.37   0.745099   0.336195   0.463331
      0.38   0.745099   0.336364   0.463491
      0.39   0.745099   0.336503   0.463623
       0.4   0.745099   0.336522   0.463642
      0.41    0.74492   0.336347   0.463441
      0.42   0.744861   0.336413   0.463492
      0.43   0.744861   0.336341   0.463424
      0.44   0.744503   0.336349   0.463362
      0.45   0.744503   0.336643   0.463641
      0.46   0.744325   0.336756   0.463714
      0.47   0.744325   0.336883   0.463834
      0.48   0.744325   0.337136   0.464073
      0.49   0.744325   0.337218   0.464151
       0.5   0.744325   0.337351   0.464277
      0.51   0.743908   0.337178   0.464032
      0.52   0.743788   0.337447   0.464264
      0.53   0.743788   0.337798   0.464596
      0.54    0.74349   0.337746   0.464488
      0.55   0.743252   0.337695   0.464394
      0.56   0.743193   0.337814   0.464495
      0.57   0.741941   0.337972   0.464399
      0.58   0.741941   0.338014   0.464438
      0.59   0.741941   0.338156   0.464572
       0.6   0.741524   0.338535   0.464848
      0.61   0.741226    0.33868   0.464926
      0.62    0.74063   0.338701   0.464829
      0.63   0.740452   0.338779   0.464867
      0.64   0.739975   0.338944   0.464929
      0.65   0.739498   0.338752   0.464653
      0.66    0.73926   0.338776   0.464629
      0.67   0.738962    0.33902     0.4648
      0.68   0.738128    0.33871   0.464343
      0.69   0.738009   0.338658   0.464271
       0.7    0.73777   0.338602   0.464171
      0.71   0.736936   0.338628    0.46403
      0.72   0.736281   0.338497   0.463778
      0.73   0.735685   0.338458   0.463623
      0.74    0.73491    0.33824   0.463264
      0.75   0.734732   0.337897   0.462907
      0.76   0.733957   0.337778   0.462641
      0.77   0.733004   0.337601   0.462286
      0.78   0.732706   0.337296    0.46194
      0.79   0.731454   0.336895   0.461316
       0.8   0.730978   0.336821   0.461151
      0.81   0.728118   0.336359   0.460149
      0.82   0.725615    0.33598   0.459295
      0.83   0.725019   0.335783    0.45899
      0.84   0.723172   0.335644    0.45849
      0.85    0.72204   0.335301   0.457943
      0.86   0.721266   0.335383   0.457863
      0.87   0.719776   0.334985   0.457192
      0.88   0.718167   0.334262   0.456195
      0.89   0.716797   0.333873   0.455555
       0.9   0.714354   0.333587   0.454795
      0.91   0.711255   0.333042    0.45366
      0.92   0.710898   0.333626   0.454129
      0.93   0.707025   0.333628   0.453337
      0.94   0.703629   0.333241    0.45228
      0.95   0.701126   0.333054    0.45159
      0.96   0.700232    0.33294     0.4513
      0.97   0.699339   0.332748   0.450938
      0.98   0.697015   0.332271   0.450016
      0.99   0.694631   0.331784   0.449073
