         0          1   0.176767   0.300428
      0.01   0.973986   0.244346   0.390681
      0.02   0.973986   0.244346   0.390681
      0.03   0.973986   0.244346   0.390681
      0.04   0.973986   0.244346   0.390681
      0.05   0.973986   0.244346   0.390681
      0.06   0.973986   0.244346   0.390681
      0.07   0.973986   0.244361   0.390701
      0.08   0.973986   0.244361   0.390701
      0.09   0.973986   0.244361   0.390701
       0.1   0.973986   0.244377    0.39072
      0.11   0.973986   0.244392    0.39074
      0.12   0.973986   0.244408    0.39076
      0.13   0.973986    0.24447   0.390839
      0.14   0.973986   0.244485   0.390859
      0.15   0.973986   0.244578   0.390978
      0.16   0.973986    0.24464   0.391057
      0.17   0.973986   0.244702   0.391136
      0.18   0.973986   0.244765   0.391216
      0.19   0.973986   0.244936   0.391434
       0.2   0.973986   0.244982   0.391494
      0.21   0.973986   0.245216   0.391792
      0.22   0.973986   0.245434   0.392071
      0.23   0.973986   0.245559    0.39223
      0.24   0.973986   0.245716    0.39243
      0.25   0.973986   0.245856   0.392608
      0.26   0.973986   0.246232   0.393089
      0.27   0.973986   0.246452   0.393368
      0.28   0.973986   0.246687   0.393667
      0.29   0.973986   0.246906   0.393946
       0.3   0.973808   0.247221   0.394333
      0.31   0.973808   0.247667     0.3949
      0.32   0.973808   0.247922   0.395224
      0.33   0.973808   0.248514   0.395976
      0.34   0.973808   0.248916   0.396486
      0.35   0.973808   0.249481   0.397202
      0.36   0.973808       0.25    0.39786
      0.37   0.973808   0.250391   0.398354
      0.38   0.973808   0.250897   0.398995
      0.39   0.973808   0.251687   0.399994
       0.4   0.973808   0.252101   0.400516
      0.41   0.973763   0.252538   0.401063
      0.42   0.973763    0.25339   0.402137
      0.43   0.973763   0.253929   0.402816
      0.44   0.973763   0.254741   0.403837
      0.45   0.973763   0.255542   0.404843
      0.46   0.973763   0.256386   0.405901
      0.47   0.973763   0.256939   0.406594
      0.48   0.973763   0.257843   0.407724
      0.49   0.973718   0.258667   0.408751
       0.5   0.973718   0.259693   0.410029
      0.51   0.973718   0.260697   0.411281
      0.52   0.973718   0.261418   0.412177
      0.53   0.973584   0.262856   0.413951
      0.54    0.97354   0.263581   0.414845
      0.55   0.973451   0.264544   0.416028
      0.56   0.973272   0.265198    0.41682
      0.57   0.972915   0.266427   0.418305
      0.58    0.97287   0.267434   0.419541
      0.59    0.97287   0.269061    0.42154
       0.6    0.97287   0.270207   0.422944
      0.61   0.972781   0.271615   0.424659
      0.62   0.972781    0.27301   0.426362
      0.63   0.972781   0.274029   0.427604
      0.64   0.972647   0.275433   0.429298
      0.65   0.972647   0.276561   0.430667
      0.66   0.972246     0.2783   0.432733
      0.67   0.972246   0.279295   0.433934
      0.68   0.972246    0.28089   0.435857
      0.69   0.971933   0.282015   0.437178
       0.7   0.971933   0.283602   0.439084
      0.71   0.971933   0.285551   0.441415
      0.72   0.971933   0.286591   0.442658
      0.73   0.970282   0.288233    0.44444
      0.74   0.970282   0.289355   0.445773
      0.75   0.970282   0.290969   0.447686
      0.76   0.970238   0.292083   0.448998
      0.77   0.970015    0.29409   0.451341
      0.78   0.970015   0.295051   0.452472
      0.79   0.970015   0.296796   0.454522
       0.8   0.969479    0.29786    0.45571
      0.81    0.96939    0.29952   0.457639
      0.82   0.968275   0.301059   0.459309
      0.83   0.968275   0.302435   0.460908
      0.84   0.968141   0.303961   0.462662
      0.85   0.967962   0.305255    0.46414
      0.86   0.967739   0.306491   0.465541
      0.87   0.966981   0.307581    0.46671
      0.88   0.966936   0.308253   0.467477
      0.89   0.966891    0.30915   0.468503
       0.9   0.966891   0.310279   0.469798
      0.91   0.963009   0.311674   0.470932
      0.92   0.963009   0.313028   0.472477
      0.93   0.962117   0.314397   0.473926
      0.94   0.960689   0.315081   0.474529
      0.95    0.96002    0.31671   0.476292
      0.96   0.959083   0.317827   0.477438
      0.97   0.957922   0.318863   0.478461
      0.98   0.957922   0.320305   0.480083
      0.99   0.956495   0.321784   0.481561
