         0          1   0.361785    0.53134
      0.01   0.965003   0.382162   0.547502
      0.02   0.965003   0.382162   0.547502
      0.03   0.965003   0.382162   0.547502
      0.04   0.965003   0.382162   0.547502
      0.05   0.965003   0.382162   0.547502
      0.06   0.965003   0.382162   0.547502
      0.07   0.965003   0.382162   0.547502
      0.08   0.965003   0.382162   0.547502
      0.09   0.965003   0.382162   0.547502
       0.1   0.965003   0.382153   0.547493
      0.11   0.965003   0.382159   0.547498
      0.12   0.965003   0.382187   0.547528
      0.13   0.965003   0.382216   0.547557
      0.14   0.965003   0.382259   0.547601
      0.15   0.965003   0.382273   0.547616
      0.16   0.965003   0.382317    0.54766
      0.17   0.965003   0.382374   0.547719
      0.18   0.965003   0.382379   0.547725
      0.19   0.965003     0.3825   0.547848
       0.2   0.964941    0.38252   0.547859
      0.21   0.964941   0.382585   0.547926
      0.22   0.964941   0.382706   0.548049
      0.23   0.964941   0.382812   0.548158
      0.24   0.964941   0.382932   0.548282
      0.25   0.964941   0.383111   0.548465
      0.26    0.96491   0.383249   0.548601
      0.27    0.96491   0.383547   0.548906
      0.28    0.96491   0.383737   0.549101
      0.29    0.96491   0.383975   0.549345
       0.3    0.96491   0.384435   0.549815
      0.31    0.96491   0.384738   0.550125
      0.32    0.96491   0.385002   0.550394
      0.33   0.964878   0.385524   0.550923
      0.34   0.964878   0.385866   0.551272
      0.35   0.964878    0.38635   0.551765
      0.36   0.964878   0.386891   0.552318
      0.37   0.964878   0.387643   0.553084
      0.38   0.964878   0.388215   0.553665
      0.39   0.964878   0.388938     0.5544
       0.4   0.964847   0.389515   0.554981
      0.41   0.964847   0.390625   0.556106
      0.42   0.964566    0.39169   0.557138
      0.43    0.96441   0.392549    0.55798
      0.44    0.96441   0.394153   0.559599
      0.45    0.96441   0.395243   0.560697
      0.46   0.964348   0.396485   0.561934
      0.47   0.964317   0.397387   0.562835
      0.48   0.963974    0.39853   0.563921
      0.49     0.9636   0.399338   0.564666
       0.5   0.963381   0.401129   0.566416
      0.51   0.963381   0.403667   0.568941
      0.52   0.963319   0.404537   0.569794
      0.53   0.963132   0.406711   0.571914
      0.54   0.963069    0.40793   0.573107
      0.55   0.962789   0.409829   0.574929
      0.56   0.962102   0.410744   0.575705
      0.57   0.961603   0.412826   0.577658
      0.58   0.961042   0.414271   0.578969
      0.59   0.961011   0.416812   0.581441
       0.6   0.960948   0.417993   0.582577
      0.61   0.960792   0.420652   0.585126
      0.62   0.960605   0.423486   0.587826
      0.63   0.960605   0.425901   0.590149
      0.64   0.960012   0.428341   0.592374
      0.65   0.959607    0.42955   0.593452
      0.66   0.958858   0.432259   0.595888
      0.67   0.958391   0.433626   0.597095
      0.68   0.957174   0.436388    0.59947
      0.69   0.955552   0.438236   0.600891
       0.7   0.954429   0.441225    0.60347
      0.71   0.953556   0.443597    0.60551
      0.72   0.953057   0.445744   0.607405
      0.73   0.951653   0.448704   0.609859
      0.74   0.950561   0.450842   0.611606
      0.75   0.948129   0.454073   0.614062
      0.76   0.947006   0.455816   0.615417
      0.77   0.945352   0.458993   0.617954
      0.78   0.944074    0.46101   0.619504
      0.79   0.942888   0.464009   0.621948
       0.8   0.940081   0.465577    0.62274
      0.81   0.939083   0.468189   0.624852
      0.82    0.93665   0.471028   0.626831
      0.83   0.935402   0.472885   0.628192
      0.84   0.933219   0.475916   0.630364
      0.85   0.930724   0.477914   0.631541
      0.86    0.92932   0.480822   0.633748
      0.87   0.927979   0.483396   0.635665
      0.88   0.925016   0.486289    0.63746
      0.89   0.922739   0.488862   0.639121
       0.9   0.920243   0.491959   0.641157
      0.91   0.916906   0.494085   0.642144
      0.92    0.91441   0.496985    0.64397
      0.93    0.90864   0.499893   0.644959
      0.94   0.904523   0.501699   0.645415
      0.95   0.902464   0.504978   0.647592
      0.96   0.900125   0.507898   0.649381
      0.97     0.8966   0.512027   0.651817
      0.98   0.892109   0.514456   0.652584
      0.99   0.888272   0.518022   0.654407
