         0          1   0.298178   0.459379
      0.01    0.93572   0.299648   0.453933
      0.02    0.93572   0.299648   0.453933
      0.03    0.93572   0.299648   0.453933
      0.04    0.93572   0.299648   0.453933
      0.05    0.93572   0.299648   0.453933
      0.06    0.93572   0.299661   0.453948
      0.07    0.93572   0.299674   0.453962
      0.08    0.93572     0.2997   0.453992
      0.09    0.93572   0.299739   0.454037
       0.1    0.93572   0.299709   0.454002
      0.11    0.93572   0.299692   0.453982
      0.12    0.93572   0.299718   0.454012
      0.13    0.93572   0.299835   0.454147
      0.14    0.93572   0.299913   0.454236
      0.15    0.93572   0.300017   0.454356
      0.16    0.93572   0.300057   0.454401
      0.17    0.93572   0.300222    0.45459
      0.18    0.93572   0.300314   0.454695
      0.19    0.93572   0.300549   0.454965
       0.2    0.93572   0.300606   0.455031
      0.21    0.93572   0.300921   0.455392
      0.22    0.93572   0.301102   0.455599
      0.23    0.93572   0.301261    0.45578
      0.24    0.93572   0.301852   0.456457
      0.25    0.93572   0.302283   0.456949
      0.26    0.93572   0.302832   0.457577
      0.27   0.935561   0.303223   0.458004
      0.28   0.934977   0.303975   0.458791
      0.29   0.934977   0.304586   0.459486
       0.3   0.934977    0.30536   0.460366
      0.31   0.934871   0.306393   0.461526
      0.32   0.933599   0.307004   0.462063
      0.33   0.933599   0.308403   0.463646
      0.34   0.933015   0.309313   0.464601
      0.35   0.932962   0.310504   0.465937
      0.36   0.932591    0.31112   0.466584
      0.37   0.932379   0.312605   0.468225
      0.38   0.931424   0.313642   0.469266
      0.39   0.931159   0.315017   0.470769
       0.4   0.930841   0.316176   0.472021
      0.41   0.929621    0.31791   0.473794
      0.42    0.92909   0.319334   0.475304
      0.43   0.928348    0.32051   0.476507
      0.44   0.927287   0.322045    0.47806
      0.45   0.925961   0.323507   0.479492
      0.46    0.92559   0.326087    0.48227
      0.47   0.925219    0.32817   0.484493
      0.48   0.923681   0.330812   0.487152
      0.49   0.922726   0.332062   0.488373
       0.5    0.92209   0.334163   0.490551
      0.51   0.921718    0.33655   0.493066
      0.52   0.920817   0.338456   0.494977
      0.53   0.919862   0.341648   0.498243
      0.54   0.918907   0.343672    0.50025
      0.55    0.91721   0.345924   0.502378
      0.56   0.915619    0.34816    0.50449
      0.57   0.914771    0.35058   0.506896
      0.58    0.91424   0.352636   0.508959
      0.59   0.910369   0.355603   0.511433
       0.6   0.908778   0.357473   0.513111
      0.61   0.907664   0.360809   0.516358
      0.62    0.90411   0.363891   0.518923
      0.63   0.900716   0.366431   0.520935
      0.64   0.898807   0.369613   0.523818
      0.65    0.89817   0.371986   0.526087
      0.66   0.895678   0.375587   0.529245
      0.67   0.894776   0.377902   0.531379
      0.68   0.893026   0.381057   0.534178
      0.69   0.892124   0.383213   0.536131
       0.7   0.886555   0.387579   0.539362
      0.71    0.88332   0.389808   0.540913
      0.72   0.881305   0.392018   0.542654
      0.73   0.873827    0.39469    0.54377
      0.74   0.872182    0.39659   0.545249
      0.75   0.868894   0.399397   0.547246
      0.76   0.864545   0.402591   0.549362
      0.77   0.862212    0.40536   0.551458
      0.78   0.857916   0.408098   0.553097
      0.79    0.85468   0.410735   0.554833
       0.8   0.852824   0.412135   0.555716
      0.81   0.848899   0.414649   0.557153
      0.82   0.843702   0.416769   0.557932
      0.83    0.84158   0.420032   0.560379
      0.84   0.835693   0.423588   0.562209
      0.85   0.831238   0.426239   0.563519
      0.86   0.825457   0.428317   0.563989
      0.87   0.822169   0.431054   0.565581
      0.88   0.815062   0.433566   0.566034
      0.89   0.812304   0.435389   0.566915
       0.9   0.806099   0.437945   0.567547
      0.91   0.800106   0.440891    0.56851
      0.92   0.792628   0.443235   0.568543
      0.93   0.784566   0.446775   0.569338
      0.94   0.779263   0.449419   0.570067
      0.95    0.77327   0.453965   0.572079
      0.96   0.770989   0.455874   0.572964
      0.97   0.764094   0.458775    0.57332
      0.98   0.757783   0.460409     0.5728
      0.99   0.751047   0.463461   0.573205
