         0          1    0.48887   0.656699
      0.01   0.930248   0.562859   0.701354
      0.02   0.930248   0.562859   0.701354
      0.03   0.930248   0.562859   0.701354
      0.04   0.930248   0.562859   0.701354
      0.05   0.930248   0.562887   0.701376
      0.06   0.930248   0.562942   0.701419
      0.07   0.930248   0.562948   0.701424
      0.08   0.930248   0.562948   0.701424
      0.09   0.930248   0.562976   0.701445
       0.1   0.930248   0.563031   0.701488
      0.11   0.930248   0.563142   0.701574
      0.12   0.930248   0.563176     0.7016
      0.13   0.930223   0.563238   0.701641
      0.14   0.930223   0.563404    0.70177
      0.15   0.930223    0.56382   0.702093
      0.16   0.930223   0.564104   0.702313
      0.17   0.930223   0.564577   0.702679
      0.18   0.930223   0.564896   0.702926
      0.19   0.930223   0.565555   0.703436
       0.2   0.930175   0.566043     0.7038
      0.21   0.930052    0.56686   0.704396
      0.22   0.929881   0.567531   0.704865
      0.23   0.929783   0.568503   0.705586
      0.24   0.929637    0.56997   0.706672
      0.25   0.929319   0.571027   0.707392
      0.26   0.929074   0.573201   0.708986
      0.27   0.929025   0.574335   0.709839
      0.28   0.928634   0.576553   0.711415
      0.29   0.928439   0.578131   0.712558
       0.3   0.928219   0.580802   0.714518
      0.31   0.926996   0.583841   0.716448
      0.32   0.926996   0.585836   0.717949
      0.33   0.926067   0.588998   0.720038
      0.34   0.925383   0.590587   0.721016
      0.35   0.924234   0.594799   0.723794
      0.36   0.924062   0.597216   0.725528
      0.37   0.923573   0.601751   0.728712
      0.38   0.923573   0.604623   0.730814
      0.39   0.922742   0.609051   0.733777
       0.4   0.922595   0.612501   0.736228
      0.41   0.921715   0.617369    0.73945
      0.42   0.920542   0.622555   0.742777
      0.43   0.919588   0.625392    0.74448
      0.44   0.918195   0.630844   0.747867
      0.45   0.917217   0.634642   0.750203
      0.46   0.916557   0.639777   0.753556
      0.47   0.915456   0.642938   0.755369
      0.48   0.912816    0.64746   0.757573
      0.49   0.912351   0.651638   0.760265
       0.5   0.910689   0.657941   0.763953
      0.51   0.908806   0.663378   0.766935
      0.52   0.906264   0.666349   0.768006
      0.53   0.904014   0.671285   0.770458
      0.54   0.901814   0.674632   0.771853
      0.55   0.900518   0.679715    0.77469
      0.56   0.893966   0.683549   0.774724
      0.57   0.891521   0.689149   0.777381
      0.58   0.887536   0.694009   0.778932
      0.59   0.881913   0.699604   0.780251
       0.6   0.879981   0.704293   0.782396
      0.61   0.878881   0.710079   0.785514
      0.62   0.876412   0.715776   0.787991
      0.63   0.873014    0.71972    0.78899
      0.64    0.86986   0.725722   0.791281
      0.65   0.867244   0.731005   0.793318
      0.66   0.865386   0.738195   0.796746
      0.67   0.862012   0.742698   0.797919
      0.68   0.859885   0.749379   0.800837
      0.69   0.858613   0.752875   0.802275
       0.7   0.854873   0.758997   0.804087
      0.71   0.851743   0.766219   0.806721
      0.72   0.849567   0.770116   0.807893
      0.73   0.846242   0.774381   0.808718
      0.74   0.841988   0.778061   0.808763
      0.75   0.839543   0.783814   0.810722
      0.76    0.83793   0.788448   0.812436
      0.77   0.834189   0.793822   0.813505
      0.78   0.831426   0.797651   0.814189
      0.79   0.824385   0.803882   0.814004
       0.8   0.821818   0.809286   0.815504
      0.81   0.818322   0.815164    0.81674
      0.82   0.815119   0.820188   0.817646
      0.83   0.809765   0.823725   0.816685
      0.84   0.805877   0.828983   0.817267
      0.85   0.803702   0.832642   0.817916
      0.86   0.799301   0.837776   0.818086
      0.87   0.794949   0.841399   0.817515
      0.88   0.789937   0.846183   0.817093
      0.89   0.786636   0.848643   0.816464
       0.9   0.783262   0.854188   0.817189
      0.91   0.778837   0.858623   0.816787
      0.92   0.774705   0.860965   0.815561
      0.93   0.768984   0.864299   0.813861
      0.94   0.766588   0.867411   0.813889
      0.95   0.762017   0.871565   0.813118
      0.96   0.755073   0.873719   0.810075
      0.97   0.745514   0.878806   0.806691
      0.98   0.743827   0.883103   0.807503
      0.99   0.737959   0.888376   0.806212
