         0          1   0.242084   0.389803
      0.01   0.993844    0.25232   0.402462
      0.02   0.993844    0.25232   0.402462
      0.03   0.993844    0.25232   0.402462
      0.04   0.993844    0.25232   0.402462
      0.05   0.993844    0.25232   0.402462
      0.06   0.993844   0.252329   0.402474
      0.07   0.993844   0.252356   0.402507
      0.08   0.993844   0.252339   0.402486
      0.09   0.993844   0.252356   0.402508
       0.1   0.993844     0.2524   0.402564
      0.11   0.993844   0.252507   0.402699
      0.12   0.993844   0.252551   0.402756
      0.13   0.993844   0.252684   0.402925
      0.14   0.993844   0.252782    0.40305
      0.15   0.993844   0.252925   0.403231
      0.16   0.993844   0.253094   0.403446
      0.17   0.993844   0.253336   0.403753
      0.18   0.993844    0.25371   0.404228
      0.19   0.993844   0.254018   0.404619
       0.2   0.993844   0.254352   0.405042
      0.21   0.993844   0.255011   0.405878
      0.22   0.993844   0.255689   0.406736
      0.23   0.993844   0.256088    0.40724
      0.24   0.993844   0.257056   0.408463
      0.25   0.993844   0.257776   0.409372
      0.26   0.993784   0.258677   0.410502
      0.27   0.993784   0.259382   0.411389
      0.28   0.993784   0.260916   0.413316
      0.29   0.993724   0.261821   0.414446
       0.3   0.993545   0.263522   0.416558
      0.31   0.993306    0.26541   0.418893
      0.32   0.993186   0.266722   0.420514
      0.33   0.993127   0.268489   0.422702
      0.34   0.993127   0.270256   0.424888
      0.35   0.993007   0.272132   0.427192
      0.36   0.993007   0.273579   0.428973
      0.37   0.992947   0.275775   0.431663
      0.38   0.992828   0.277491   0.433751
      0.39   0.992409   0.280982   0.437962
       0.4    0.99229   0.282736   0.440079
      0.41    0.99223   0.285913   0.443912
      0.42    0.99223   0.288846   0.447439
      0.43   0.991573   0.290972   0.449918
      0.44   0.991154   0.294399    0.45396
      0.45   0.991154   0.297063    0.45712
      0.46   0.991035    0.30029   0.460918
      0.47   0.990915    0.30249   0.463493
      0.48   0.990796   0.305905   0.467477
      0.49   0.990616   0.308038   0.469944
       0.5   0.990019   0.312259   0.474771
      0.51   0.989361   0.316147   0.479175
      0.52   0.988883   0.318658   0.481997
      0.53   0.987448   0.322666   0.486394
      0.54   0.986492   0.325653   0.489662
      0.55   0.985894   0.330516   0.495064
      0.56   0.985536   0.333502   0.498361
      0.57   0.984161   0.337978   0.503161
      0.58   0.982966   0.340754   0.506073
      0.59   0.982189    0.34627   0.512026
       0.6    0.98177   0.350056   0.516095
      0.61   0.980216    0.35472   0.520927
      0.62   0.979021    0.35988   0.526297
      0.63    0.97681   0.362825   0.529116
      0.64   0.974957   0.368673   0.535029
      0.65   0.974598   0.371732   0.538188
      0.66      0.974     0.3772   0.543802
      0.67   0.972267   0.380858   0.547319
      0.68   0.971191   0.385548   0.551971
      0.69   0.968143    0.38815   0.554135
       0.7   0.967007   0.393791   0.559669
      0.71   0.965692   0.399182   0.564868
      0.72   0.963899   0.402434   0.567806
      0.73   0.961688   0.407782   0.572716
      0.74   0.957026   0.412038    0.57606
      0.75   0.954037   0.417866   0.581178
      0.76   0.952005   0.421345   0.584152
      0.77   0.950631   0.427547   0.589821
      0.78   0.949674   0.430451   0.592393
      0.79   0.948359   0.436795   0.598112
       0.8   0.946925    0.44014   0.600951
      0.81   0.943518   0.445125   0.604883
      0.82    0.94053   0.450664   0.609352
      0.83   0.938497    0.45489    0.61277
      0.84   0.934134    0.46114   0.617465
      0.85   0.931863   0.465475   0.620836
      0.86   0.927858   0.470874   0.624715
      0.87   0.921045   0.473899   0.625806
      0.88   0.916203    0.47923   0.629299
      0.89   0.915128   0.482526   0.631877
       0.9     0.9067   0.485274   0.632193
      0.91   0.901082   0.490548   0.635261
      0.92   0.898631    0.49351   0.637124
      0.93   0.890981   0.498982   0.639705
      0.94   0.886199   0.501559   0.640574
      0.95   0.878011   0.505963   0.641979
      0.96   0.874664   0.508895   0.643431
      0.97   0.868926   0.512273   0.644552
      0.98   0.864324   0.514605   0.645117
      0.99   0.853505   0.519621    0.64597
