         0          1   0.319512   0.484288
      0.01   0.910963     0.3002   0.451584
      0.02   0.910963     0.3002   0.451584
      0.03   0.910963     0.3002   0.451584
      0.04   0.910963     0.3002   0.451584
      0.05   0.910963     0.3002   0.451584
      0.06   0.910963     0.3002   0.451584
      0.07   0.910963     0.3002   0.451584
      0.08   0.910963     0.3002   0.451584
      0.09   0.910963     0.3002   0.451584
       0.1   0.910963     0.3002   0.451584
      0.11   0.910963   0.300221   0.451608
      0.12   0.910963   0.300232    0.45162
      0.13   0.910963   0.300218   0.451604
      0.14   0.910963   0.300214     0.4516
      0.15   0.910963   0.300267    0.45166
      0.16   0.910963   0.300288   0.451684
      0.17   0.910963   0.300309   0.451708
      0.18   0.910963   0.300271   0.451664
      0.19   0.910963   0.300306   0.451704
       0.2   0.910963   0.300313   0.451712
      0.21   0.910963   0.300172   0.451553
      0.22   0.910963   0.300155   0.451533
      0.23   0.910963   0.300172   0.451553
      0.24   0.910963   0.300179   0.451561
      0.25   0.910963   0.300127   0.451501
      0.26   0.910963   0.300127   0.451502
      0.27   0.910963   0.300081    0.45145
      0.28   0.910892   0.300141   0.451509
      0.29    0.91068   0.299933   0.451247
       0.3    0.91068   0.299848   0.451151
      0.31   0.910326   0.299266   0.450449
      0.32   0.910326   0.299052   0.450207
      0.33   0.910256   0.298972   0.450107
      0.34   0.910043   0.298896   0.449995
      0.35   0.909619    0.29864   0.449653
      0.36   0.909335   0.298491   0.449449
      0.37    0.90884   0.297923   0.448745
      0.38   0.908557   0.297634   0.448383
      0.39    0.90792   0.297527   0.448184
       0.4   0.907424   0.297709   0.448329
      0.41   0.906504    0.29724   0.447686
      0.42   0.904452   0.297019   0.447184
      0.43   0.903107   0.296784   0.446754
      0.44   0.901479   0.296631    0.44638
      0.45   0.901055   0.296296    0.44595
      0.46   0.900559   0.296082   0.445646
      0.47   0.900205   0.295617   0.445076
      0.48   0.898648   0.294948   0.444127
      0.49   0.898082   0.294934   0.444042
       0.5   0.897091   0.294716   0.443674
      0.51     0.8961   0.294381   0.443173
      0.52   0.894968    0.29435      0.443
      0.53   0.890721   0.293644    0.44168
      0.54   0.889801   0.293289   0.441165
      0.55   0.888032   0.292761   0.440351
      0.56   0.885767   0.292508   0.439785
      0.57   0.883502   0.292303   0.439274
      0.58   0.880459   0.292011   0.438568
      0.59   0.878335   0.291393   0.437608
       0.6   0.876566   0.291398   0.437393
      0.61   0.874797   0.291217   0.436968
      0.62   0.871399   0.291375   0.436721
      0.63   0.869205   0.291097   0.436133
      0.64   0.866303   0.290803   0.435437
      0.65   0.864746   0.290689   0.435113
      0.66   0.861986   0.289996   0.433987
      0.67   0.860995   0.289935   0.433792
      0.68   0.858447   0.289419   0.432892
      0.69   0.856395   0.288712    0.43184
       0.7   0.850874   0.288111   0.430464
      0.71   0.848397   0.287731   0.429723
      0.72   0.845354   0.287775    0.42938
      0.73   0.841602   0.288126   0.429285
      0.74   0.840116   0.288111   0.429074
      0.75   0.835162   0.287975   0.428275
      0.76   0.830844   0.287292   0.426951
      0.77   0.827022   0.287215    0.42636
      0.78   0.825041   0.286834   0.425677
      0.79   0.822422   0.285844   0.424238
       0.8   0.817255    0.28522   0.422862
      0.81   0.812796   0.284969   0.421988
      0.82   0.809895   0.285197   0.421845
      0.83   0.802817   0.284834   0.420484
      0.84   0.797226   0.283871   0.418666
      0.85   0.793404   0.283434   0.417663
      0.86   0.789157   0.283283   0.416909
      0.87     0.7876   0.282456   0.415796
      0.88   0.781938   0.281858   0.414357
      0.89   0.778257   0.281351   0.413291
       0.9   0.772808   0.280748   0.411871
      0.91   0.761767    0.28001   0.409497
      0.92   0.758299   0.279728   0.408694
      0.93   0.752141   0.279679   0.407742
      0.94   0.745983    0.27917   0.406293
      0.95   0.739047    0.27852   0.404571
      0.96   0.735013   0.278081   0.403503
      0.97   0.726308   0.276744   0.400779
      0.98   0.722556   0.275729   0.399144
      0.99    0.71562   0.275064   0.397385
