         0          1   0.384732   0.555677
      0.01   0.866693   0.433341    0.57779
      0.02   0.866693   0.433341    0.57779
      0.03   0.866693   0.433341    0.57779
      0.04   0.866693   0.433341    0.57779
      0.05   0.866693   0.433341    0.57779
      0.06   0.866693   0.433341    0.57779
      0.07   0.866693   0.433341    0.57779
      0.08   0.866693   0.433341    0.57779
      0.09   0.866693   0.433359   0.577807
       0.1   0.866693   0.433397    0.57784
      0.11   0.866693   0.433416   0.577857
      0.12   0.866693   0.433416   0.577857
      0.13   0.866693   0.433429   0.577868
      0.14   0.866693   0.433498    0.57793
      0.15   0.866693   0.433793   0.578192
      0.16   0.866693   0.433838   0.578232
      0.17   0.866693    0.43402   0.578394
      0.18   0.866579   0.434131   0.578467
      0.19   0.866579   0.434431   0.578733
       0.2   0.866579   0.434762   0.579027
      0.21   0.866464   0.435134   0.579331
      0.22   0.866407    0.43568   0.579801
      0.23   0.866407    0.43626   0.580315
      0.24   0.865949   0.437398   0.581218
      0.25   0.865662   0.438326   0.581972
      0.26    0.86549   0.440036   0.583438
      0.27    0.86549    0.44102   0.584303
      0.28   0.865204   0.442297   0.585357
      0.29   0.865147   0.443096   0.586042
       0.3    0.86486   0.444909   0.587561
      0.31   0.864001   0.446648   0.588875
      0.32   0.863714   0.447789     0.5898
      0.33   0.863084   0.449876   0.591459
      0.34   0.862798   0.451584   0.592865
      0.35   0.861939   0.454229   0.594936
      0.36   0.861423      0.456   0.596329
      0.37   0.859704   0.457721   0.597385
      0.38   0.857814   0.459097   0.598096
      0.39   0.855981   0.461466   0.599654
       0.4   0.855236   0.463211   0.600941
      0.41   0.853002   0.465999   0.602726
      0.42   0.849966   0.468695   0.604211
      0.43   0.849507   0.470823    0.60586
      0.44   0.845096   0.473715   0.607115
      0.45   0.844695   0.476198   0.609046
      0.46   0.843091   0.479793   0.611557
      0.47   0.842232   0.482845   0.613802
      0.48   0.839539   0.486324   0.615883
      0.49   0.837248   0.488913   0.617333
       0.5   0.835701   0.492992    0.62015
      0.51    0.83404   0.496083   0.622127
      0.52   0.831748   0.498484    0.62337
      0.53   0.827624   0.501637   0.624658
      0.54    0.82516   0.504294   0.626007
      0.55   0.822124   0.508291   0.628192
      0.56   0.820864   0.511364   0.630163
      0.57   0.816682   0.515113   0.631754
      0.58   0.812615   0.517608   0.632399
      0.59   0.809063    0.52167   0.634333
       0.6   0.804136   0.524723   0.635054
      0.61   0.800011   0.528278    0.63635
      0.62    0.79434    0.53258   0.637641
      0.63   0.790502   0.536039   0.638865
      0.64   0.785289   0.540499   0.640295
      0.65   0.782081   0.542746   0.640795
      0.66   0.774805   0.548061   0.642001
      0.67   0.772342   0.550938   0.643118
      0.68   0.766842   0.555657   0.644388
      0.69   0.763749    0.55973   0.646014
       0.7   0.758364   0.564238   0.647055
      0.71   0.752406   0.568728   0.647799
      0.72   0.748167   0.572476   0.648635
      0.73   0.742381   0.576103   0.648757
      0.74   0.740319   0.579504   0.650114
      0.75   0.737683   0.583711   0.651727
      0.76   0.736423    0.58707   0.653319
      0.77    0.73247   0.590593   0.653925
      0.78    0.73121   0.594032   0.655521
      0.79   0.725424   0.598313   0.655766
       0.8   0.722101   0.600794   0.655886
      0.81   0.718492   0.604661    0.65668
      0.82    0.71431   0.607292   0.656468
      0.83   0.711847   0.610422   0.657245
      0.84   0.705946   0.614603   0.657116
      0.85    0.70016   0.615458   0.655083
      0.86   0.694489   0.617419    0.65369
      0.87   0.689849   0.619316   0.652682
      0.88    0.68475   0.622042   0.651892
      0.89   0.677819   0.624295   0.649957
       0.9   0.671632   0.627753   0.648951
      0.91   0.666418   0.631038   0.648246
      0.92   0.660575   0.631787    0.64586
      0.93   0.656164   0.634579   0.645191
      0.94   0.649118   0.636484   0.642739
      0.95    0.64104   0.638362   0.639698
      0.96   0.635999   0.640802   0.638391
      0.97   0.629812   0.644385   0.637015
      0.98   0.626604   0.646766   0.636525
      0.99   0.622422   0.650388   0.636098
