         0          1   0.289124   0.448559
      0.01   0.970665   0.378805   0.544944
      0.02   0.970665   0.378805   0.544944
      0.03   0.970665   0.378805   0.544944
      0.04   0.970665   0.378805   0.544944
      0.05   0.970665   0.378805   0.544944
      0.06   0.970665   0.378827   0.544966
      0.07   0.970665   0.378827   0.544966
      0.08   0.970665    0.37887   0.545012
      0.09   0.970665   0.378936    0.54508
       0.1   0.970665    0.37898   0.545125
      0.11   0.970665   0.379024   0.545171
      0.12   0.970665   0.379134   0.545285
      0.13   0.970665   0.379222   0.545376
      0.14   0.970665   0.379288   0.545444
      0.15   0.970665   0.379465   0.545626
      0.16   0.970665   0.379553   0.545717
      0.17   0.970665   0.379613    0.54578
      0.18   0.970665   0.379842   0.546016
      0.19   0.970665   0.380323   0.546513
       0.2   0.970665   0.380702   0.546905
      0.21   0.970665    0.38144   0.547665
      0.22   0.970665     0.3824   0.548654
      0.23   0.970665   0.382794   0.549059
      0.24   0.970665   0.383889   0.550185
      0.25   0.970665   0.384857   0.551178
      0.26   0.970471   0.386318   0.552643
      0.27   0.970471   0.387638   0.553993
      0.28   0.970471    0.38966   0.556055
      0.29   0.970471   0.391068   0.557487
       0.3   0.970471   0.392634   0.559076
      0.31   0.969986   0.394864   0.561252
      0.32   0.969986   0.396228   0.562628
      0.33   0.969502   0.398352   0.564684
      0.34   0.969453   0.400087   0.566418
      0.35   0.969405   0.402378   0.568701
      0.36   0.969211   0.404294   0.570579
      0.37   0.969211   0.407329   0.573594
      0.38   0.968871   0.409141   0.575328
      0.39   0.968435   0.412312   0.578379
       0.4   0.967853   0.414171     0.5801
      0.41   0.967417   0.417241   0.583026
      0.42   0.966592   0.420273   0.585829
      0.43   0.966447   0.422566   0.588025
      0.44   0.965817   0.425529   0.590771
      0.45    0.96475   0.427304   0.592278
      0.46   0.964168    0.43005     0.5948
      0.47   0.963586   0.432192   0.596734
      0.48   0.963101   0.435496   0.599782
      0.49   0.962422   0.437469   0.601518
       0.5   0.962131   0.441503   0.605263
      0.51    0.96155   0.445265   0.608672
      0.52   0.961016   0.447471   0.610622
      0.53   0.960337   0.450633   0.613421
      0.54   0.959804   0.452756   0.615276
      0.55    0.95898   0.456086   0.618172
      0.56   0.958689   0.458314   0.620155
      0.57   0.957137    0.46161   0.622837
      0.58   0.956507   0.463503   0.624423
      0.59   0.956168   0.466624   0.627177
       0.6   0.954955   0.467959    0.62812
      0.61   0.953646   0.471412   0.630936
      0.62   0.950058   0.473814   0.632291
      0.63   0.946713   0.475784   0.633296
      0.64   0.945549   0.479581   0.636387
      0.65   0.943852   0.481541   0.637724
      0.66   0.941524   0.483981   0.639324
      0.67    0.94104   0.486228   0.641169
      0.68   0.939924   0.489972   0.644154
      0.69     0.9391   0.492922   0.646503
       0.7   0.936821   0.495907   0.648519
      0.71   0.935851   0.498965   0.650894
      0.72   0.935754   0.501269   0.652828
      0.73    0.93236   0.505465    0.65554
      0.74   0.932166    0.50791   0.657544
      0.75     0.9311   0.511846   0.660565
      0.76   0.930566    0.51357   0.661864
      0.77   0.928287    0.51643   0.663653
      0.78    0.92756   0.518526   0.665194
      0.79   0.925912   0.520799   0.666635
       0.8   0.924845   0.523218   0.668335
      0.81    0.92339   0.526425   0.670562
      0.82   0.922469    0.52973   0.672992
      0.83   0.921548   0.531203   0.673934
      0.84    0.92082   0.534748   0.676584
      0.85   0.919948   0.536408   0.677674
      0.86   0.917523   0.540029   0.679892
      0.87   0.917038   0.541754   0.681124
      0.88   0.916408   0.543995   0.682718
      0.89   0.915293   0.546238    0.68417
       0.9   0.912141   0.548231   0.684845
      0.91   0.911365   0.551125   0.686878
      0.92   0.909814   0.553706   0.688436
      0.93   0.906711    0.55617   0.689442
      0.94   0.905595   0.557027   0.689776
      0.95   0.901426   0.560536   0.691238
      0.96   0.899631   0.561714   0.691603
      0.97   0.897304   0.564983   0.693382
      0.98   0.895268   0.567028   0.694308
      0.99   0.892698   0.570229   0.695923
