         0          1   0.108911   0.196429
      0.01   0.987393   0.192988    0.32287
      0.02   0.987393   0.192988    0.32287
      0.03   0.987393   0.192988    0.32287
      0.04   0.987393   0.192988    0.32287
      0.05   0.987393   0.192988    0.32287
      0.06   0.987393   0.192988    0.32287
      0.07   0.987393   0.192988    0.32287
      0.08   0.987393   0.192988    0.32287
      0.09   0.987393   0.192988    0.32287
       0.1   0.987393   0.192988    0.32287
      0.11   0.987393   0.192988    0.32287
      0.12   0.987393   0.192998   0.322885
      0.13   0.987393   0.192998   0.322885
      0.14   0.987393   0.193008   0.322899
      0.15   0.987393   0.192933   0.322794
      0.16   0.987393   0.192911   0.322762
      0.17   0.987393   0.192899   0.322745
      0.18   0.987393   0.192917   0.322771
      0.19   0.987393   0.192881   0.322721
       0.2   0.987393   0.192869   0.322704
      0.21   0.987393   0.192894   0.322739
      0.22   0.987393   0.192929   0.322788
      0.23   0.987393   0.192899   0.322746
      0.24   0.987124   0.192993   0.322863
      0.25   0.987124   0.193133   0.323059
      0.26   0.987124   0.193274   0.323256
      0.27   0.987124   0.193569   0.323669
      0.28   0.987124   0.193809   0.324004
      0.29   0.987124   0.194029   0.324311
       0.3   0.987124   0.194595   0.325102
      0.31   0.987124   0.195262   0.326032
      0.32   0.986856   0.195761   0.326712
      0.33   0.986856   0.196399   0.327601
      0.34   0.986856   0.196726   0.328055
      0.35   0.986856   0.198086   0.329944
      0.36   0.986856   0.198997   0.331207
      0.37    0.98632   0.200068   0.332659
      0.38    0.98632   0.200734   0.333578
      0.39   0.985247   0.202203   0.335542
       0.4   0.985247   0.203072   0.336738
      0.41   0.983906   0.204339   0.338398
      0.42   0.983369   0.206053   0.340714
      0.43   0.983235   0.206922   0.341892
      0.44   0.983101   0.208668   0.344265
      0.45   0.982028   0.209442   0.345251
      0.46   0.981626   0.211512   0.348033
      0.47   0.981491   0.212752   0.349702
      0.48   0.980418   0.214562   0.352074
      0.49   0.980418   0.215554   0.353409
       0.5   0.980284   0.217331   0.355784
      0.51   0.980284   0.219311   0.358433
      0.52   0.979614   0.220515   0.359994
      0.53   0.979077   0.222315   0.362352
      0.54   0.978675   0.223569   0.363989
      0.55   0.975858   0.225025   0.365719
      0.56   0.975322   0.226625    0.36779
      0.57   0.972371   0.227855   0.369196
      0.58   0.972237   0.229249   0.371015
      0.59   0.971298   0.231251   0.373563
       0.6   0.971164   0.232506   0.375188
      0.61   0.970225   0.234719   0.377993
      0.62   0.969018   0.237249   0.381173
      0.63   0.967006   0.238219   0.382268
      0.64   0.965263   0.239977   0.384389
      0.65   0.965263   0.241542   0.386395
      0.66   0.962849   0.244215    0.38961
      0.67    0.96191   0.244681   0.390126
      0.68   0.961642   0.246753   0.392733
      0.69   0.961508   0.248668   0.395143
       0.7   0.960837   0.250783   0.397751
      0.71   0.959764   0.253557   0.401138
      0.72   0.958557   0.254608   0.402346
      0.73    0.95507   0.256959   0.404963
      0.74   0.952521   0.258435   0.406562
      0.75   0.950107   0.260061   0.408349
      0.76   0.947559   0.261142   0.409444
      0.77    0.94662   0.264684   0.413695
      0.78   0.945279   0.266154   0.415359
      0.79   0.942462    0.26796    0.41728
       0.8   0.942462   0.269873   0.419595
      0.81   0.940182   0.272245   0.422228
      0.82   0.938707   0.273881   0.424042
      0.83   0.936829   0.273908   0.423883
      0.84   0.933476   0.275759   0.425748
      0.85   0.932403   0.276439   0.426445
      0.86   0.931867   0.278828   0.429226
      0.87   0.926502   0.280332   0.430428
      0.88   0.921406   0.281017   0.430682
      0.89   0.919662   0.282115   0.431778
       0.9   0.914834   0.284551   0.434084
      0.91   0.907994   0.284312   0.433033
      0.92   0.903836   0.285003   0.433357
      0.93   0.898203   0.286869   0.434854
      0.94   0.896057   0.288123    0.43604
      0.95   0.884657   0.288578   0.435194
      0.96   0.883315   0.290409   0.437109
      0.97   0.875268   0.291145   0.436946
      0.98   0.872854   0.293004   0.438733
      0.99   0.870976   0.293335   0.438866
