         0          1   0.354609   0.523559
      0.01   0.953311   0.396456   0.560016
      0.02   0.953311   0.396456   0.560016
      0.03   0.953311   0.396456   0.560016
      0.04   0.953311   0.396456   0.560016
      0.05   0.953311   0.396456   0.560016
      0.06   0.953311   0.396456   0.560016
      0.07   0.953311   0.396456   0.560016
      0.08   0.953311   0.396456   0.560016
      0.09   0.953311   0.396456   0.560016
       0.1   0.953311   0.396456   0.560016
      0.11   0.953311   0.396456   0.560016
      0.12   0.953311   0.396456   0.560016
      0.13   0.953311   0.396456   0.560016
      0.14   0.953311   0.396456   0.560016
      0.15   0.953311   0.396456   0.560016
      0.16   0.953311   0.396475   0.560035
      0.17   0.953311   0.396493   0.560053
      0.18   0.953311    0.39653    0.56009
      0.19   0.953311   0.396567   0.560127
       0.2   0.953311   0.396567   0.560127
      0.21   0.953311   0.396604   0.560164
      0.22   0.953311   0.396808   0.560367
      0.23   0.953311   0.396817   0.560376
      0.24   0.953311   0.396909   0.560468
      0.25   0.953311   0.397057   0.560616
      0.26   0.953311   0.397206   0.560764
      0.27   0.953311   0.397243   0.560801
      0.28   0.953311   0.397345   0.560903
      0.29   0.953311    0.39741   0.560967
       0.3   0.953311   0.397474   0.561031
      0.31   0.953311   0.397716   0.561272
      0.32   0.953311    0.39793   0.561485
      0.33   0.953311   0.397993   0.561548
      0.34   0.953311   0.398208   0.561762
      0.35   0.953311   0.398422   0.561975
      0.36    0.95327   0.398712   0.562256
      0.37    0.95315   0.398936   0.562458
      0.38    0.95315   0.399208   0.562728
      0.39   0.953029   0.399622   0.563118
       0.4   0.953029   0.399953   0.563447
      0.41   0.953029   0.400702    0.56419
      0.42   0.952989   0.401474   0.564947
      0.43   0.952989   0.402001    0.56547
      0.44   0.952868   0.402581   0.566021
      0.45   0.952787   0.403093   0.566513
      0.46   0.952707   0.404097   0.567489
      0.47   0.952707   0.404639   0.568024
      0.48   0.952586   0.405634   0.568982
      0.49   0.952586    0.40627   0.569607
       0.5   0.952586   0.407155   0.570476
      0.51   0.952586   0.407895   0.571202
      0.52   0.952586   0.408554   0.571848
      0.53   0.952546   0.410138    0.57339
      0.54   0.952385   0.410653   0.573865
      0.55   0.952385     0.4118   0.574984
      0.56   0.952264   0.412633   0.575774
      0.57   0.952103   0.413553   0.576638
      0.58   0.951942   0.414325   0.577359
      0.59   0.951862    0.41542   0.578407
       0.6   0.951781   0.416433   0.579373
      0.61   0.950976   0.417273   0.580036
      0.62   0.950694     0.4188   0.581457
      0.63   0.950453   0.419832   0.582405
      0.64   0.950211   0.421364   0.583832
      0.65   0.949648   0.421649      0.584
      0.66   0.948964   0.422918   0.585086
      0.67   0.948843   0.423589   0.585704
      0.68   0.948843   0.425179   0.587222
      0.69   0.948601   0.426199   0.588148
       0.7   0.947957   0.427674   0.589427
      0.71   0.947112      0.429    0.59052
      0.72   0.946106   0.429496   0.590794
      0.73   0.945864   0.431304   0.592455
      0.74   0.945703   0.432641   0.593684
      0.75   0.944778   0.433954   0.594735
      0.76   0.944778   0.435425   0.596115
      0.77   0.944093   0.437105   0.597551
      0.78   0.943329   0.438737    0.59892
      0.79   0.941517   0.439949   0.599681
       0.8   0.940994   0.441113   0.600655
      0.81    0.93874   0.443109    0.60204
      0.82   0.937975   0.444859   0.603495
      0.83   0.937734   0.446104    0.60459
      0.84   0.935279   0.447882   0.605706
      0.85   0.934594   0.449347     0.6069
      0.86   0.934474   0.451532   0.608865
      0.87   0.933186   0.452575   0.609538
      0.88   0.931938   0.453841   0.610418
      0.89   0.930449   0.454585   0.610769
       0.9   0.930248   0.456611   0.612551
      0.91   0.929563   0.458069   0.613713
      0.92   0.928316   0.459442   0.614671
      0.93   0.926746    0.46121   0.615905
      0.94    0.92578   0.462416   0.616765
      0.95   0.925498    0.46478   0.618802
      0.96   0.923566   0.465821   0.619289
      0.97   0.921674   0.467517   0.620358
      0.98   0.921473   0.468442   0.621126
      0.99   0.920306    0.47054   0.622701
