         0          1   0.308236   0.471224
      0.01   0.894165   0.442578   0.592093
      0.02   0.894165   0.442578   0.592093
      0.03   0.894165   0.442578   0.592093
      0.04   0.894165   0.442578   0.592093
      0.05   0.894165   0.442578   0.592093
      0.06   0.894165   0.442578   0.592093
      0.07   0.894165   0.442578   0.592093
      0.08   0.894165   0.442578   0.592093
      0.09   0.894165   0.442578   0.592093
       0.1   0.894165   0.442603   0.592115
      0.11   0.894165   0.442629   0.592138
      0.12   0.894165   0.442629   0.592138
      0.13   0.894165   0.442754    0.59225
      0.14   0.894165   0.442779   0.592273
      0.15   0.894165    0.44283   0.592318
      0.16   0.894165   0.442798   0.592289
      0.17   0.894165   0.442848   0.592334
      0.18   0.894165   0.443049   0.592514
      0.19   0.894165   0.443201   0.592649
       0.2   0.894165   0.443327   0.592762
      0.21   0.894165   0.443478   0.592897
      0.22   0.894165   0.443547   0.592959
      0.23   0.894165   0.443642   0.593043
      0.24   0.894165   0.443881   0.593258
      0.25   0.894165   0.444077   0.593433
      0.26   0.894165   0.444419   0.593738
      0.27   0.894165   0.444666   0.593958
      0.28   0.894165   0.444991   0.594248
      0.29   0.894165   0.445182   0.594418
       0.3   0.894115   0.445711   0.594879
      0.31   0.893813   0.446026   0.595092
      0.32   0.893662   0.446078   0.595105
      0.33   0.893612   0.446509   0.595477
      0.34   0.893612   0.446472   0.595444
      0.35   0.893561    0.44654   0.595493
      0.36    0.89331    0.44689   0.595748
      0.37   0.893058   0.447094   0.595874
      0.38   0.893008   0.447292   0.596039
      0.39   0.892757   0.447514    0.59618
       0.4   0.892103   0.447499    0.59602
      0.41   0.891801    0.44771    0.59614
      0.42   0.891801   0.447856   0.596269
      0.43   0.891801   0.448169   0.596547
      0.44   0.891449   0.448936   0.597147
      0.45   0.890895   0.449023     0.5971
      0.46   0.890392   0.449213   0.597154
      0.47   0.889638   0.449629   0.597352
      0.48   0.889588   0.449994   0.597663
      0.49   0.888883   0.450039   0.597543
       0.5   0.887575   0.450084   0.597287
      0.51   0.887173   0.451016   0.598016
      0.52   0.887123   0.451623   0.598538
      0.53   0.886922    0.45243     0.5992
      0.54   0.886821   0.453026     0.5997
      0.55   0.886419   0.453569   0.600083
      0.56   0.886217   0.453966   0.600384
      0.57   0.885412   0.454573    0.60073
      0.58   0.885262     0.4549    0.60098
      0.59   0.884859   0.455314   0.601249
       0.6   0.883803   0.455357   0.601042
      0.61   0.882998   0.455858   0.601292
      0.62   0.881992   0.456232   0.601384
      0.63   0.879577   0.456216   0.600807
      0.64   0.878823   0.457026   0.601333
      0.65   0.878622   0.457053   0.601309
      0.66   0.875604   0.457251   0.600772
      0.67   0.875453    0.45776   0.601175
      0.68      0.875   0.458171   0.601422
      0.69   0.872787   0.457968   0.600725
       0.7   0.872485   0.458246   0.600892
      0.71   0.870573   0.458497   0.600653
      0.72   0.869769   0.458219   0.600223
      0.73   0.869115   0.459072   0.600798
      0.74   0.867455   0.459075   0.600404
      0.75   0.864235   0.459294   0.599817
      0.76    0.86333   0.459598   0.599859
      0.77   0.861016   0.460761   0.600287
      0.78   0.859557   0.460923   0.600069
      0.79   0.857948   0.461404   0.600083
       0.8   0.857545   0.461826   0.600341
      0.81   0.856439   0.462408   0.600561
      0.82   0.853421   0.463041    0.60035
      0.83   0.852565   0.463699   0.600691
      0.84   0.850755    0.46475    0.60112
      0.85   0.848189   0.464588   0.600343
      0.86    0.84673   0.465615   0.600833
      0.87   0.846127   0.466118     0.6011
      0.88   0.843913   0.466617   0.600954
      0.89   0.842254   0.466822   0.600702
       0.9   0.838883    0.46706    0.60004
      0.91   0.837676    0.46749   0.600085
      0.92   0.837072   0.467723   0.600122
      0.93   0.834306   0.467315   0.599074
      0.94   0.832696   0.467717   0.598988
      0.95   0.830936   0.467521   0.598372
      0.96   0.829577   0.467425   0.597941
      0.97   0.826408    0.46782   0.597437
      0.98   0.824748   0.468038   0.597181
      0.99   0.821831   0.467813   0.596231
