         0          1   0.363236   0.532903
      0.01   0.974253   0.345977   0.510622
      0.02   0.974253   0.345977   0.510622
      0.03   0.974253   0.345977   0.510622
      0.04   0.974253   0.345996   0.510642
      0.05   0.974253   0.346024   0.510673
      0.06   0.974253    0.34601   0.510658
      0.07   0.974253   0.345978   0.510623
      0.08   0.974253   0.346057   0.510709
      0.09   0.974253   0.346108   0.510765
       0.1   0.974253   0.346207   0.510872
      0.11   0.974253   0.346228   0.510895
      0.12   0.974253   0.346286   0.510958
      0.13   0.974253   0.346416   0.511099
      0.14   0.974167   0.346454   0.511129
      0.15   0.974167   0.346464    0.51114
      0.16   0.974167   0.346443   0.511118
      0.17   0.973995   0.346615   0.511281
      0.18   0.973995   0.346751   0.511429
      0.19   0.973995   0.346992   0.511691
       0.2   0.973995   0.347194    0.51191
      0.21   0.973995   0.347199   0.511916
      0.22   0.973995   0.347508   0.512252
      0.23   0.973909   0.347459   0.512186
      0.24   0.973736   0.347757   0.512487
      0.25    0.97365   0.347953   0.512687
      0.26    0.97365   0.348152   0.512903
      0.27    0.97365   0.348311   0.513075
      0.28   0.973478   0.348746   0.513524
      0.29   0.973263   0.348875   0.513634
       0.3   0.973263   0.348802   0.513555
      0.31   0.973263   0.349034   0.513805
      0.32   0.973134   0.349352   0.514132
      0.33   0.973004   0.349749   0.514544
      0.34   0.973004    0.35011   0.514935
      0.35   0.973004   0.350569   0.515431
      0.36   0.972961   0.350587   0.515444
      0.37   0.972875   0.350567   0.515411
      0.38   0.972488   0.350601   0.515392
      0.39   0.971713   0.350662    0.51535
       0.4   0.971541   0.350856   0.515535
      0.41   0.971196    0.35106   0.515706
      0.42   0.970378   0.351838    0.51643
      0.43   0.970249   0.352062   0.516652
      0.44   0.970034   0.352389   0.516974
      0.45   0.969775   0.352684   0.517255
      0.46   0.969431   0.353035   0.517583
      0.47   0.969431   0.353436   0.518014
      0.48   0.969345   0.353663   0.518246
      0.49   0.968311   0.353631   0.518063
       0.5   0.968225   0.353852   0.518289
      0.51    0.96801   0.354018   0.518436
      0.52   0.967666   0.353401   0.517724
      0.53   0.966589   0.353787   0.517984
      0.54   0.965771   0.354255   0.518367
      0.55   0.964178    0.35487   0.518795
      0.56   0.963834   0.354741   0.518608
      0.57   0.962886   0.354857   0.518594
      0.58   0.962542   0.354812   0.518496
      0.59   0.958236   0.354362    0.51739
       0.6   0.957591   0.354672   0.517626
      0.61   0.955955   0.354977   0.517711
      0.62   0.950788   0.354875   0.516842
      0.63   0.950142   0.354758   0.516622
      0.64   0.945923   0.354971   0.516222
      0.65   0.942737    0.35581   0.516632
      0.66   0.937355   0.355885   0.515899
      0.67   0.932533   0.355884   0.515165
      0.68   0.930983   0.356554   0.515629
      0.69    0.93038   0.356785   0.515778
       0.7   0.924696   0.357335   0.515473
      0.71   0.922371   0.357819   0.515614
      0.72   0.921037   0.356998   0.514553
      0.73   0.914449   0.356294   0.512791
      0.74   0.904245   0.355963   0.510833
      0.75   0.899423   0.356606    0.51072
      0.76   0.897184   0.357215   0.510982
      0.77   0.888013   0.356727   0.508987
      0.78   0.880694   0.356525   0.507573
      0.79   0.873805   0.355086   0.504969
       0.8   0.869715    0.35574   0.504943
      0.81   0.863773   0.355538   0.503734
      0.82   0.858004    0.35619   0.503399
      0.83   0.854947   0.357034   0.503713
      0.84   0.845174   0.356852   0.501823
      0.85    0.84005   0.356977   0.501039
      0.86   0.836649   0.357424   0.500872
      0.87   0.832515   0.357207   0.499915
      0.88    0.82412   0.357717   0.498887
      0.89    0.81891   0.358297    0.49849
       0.9   0.807285    0.35809   0.496116
      0.91   0.801085   0.357669   0.494537
      0.92   0.795273   0.357678   0.493432
      0.93   0.788082   0.358147   0.492483
      0.94    0.78326   0.358507   0.491877
      0.95   0.770042   0.358593    0.48932
      0.96   0.762292   0.358391   0.487557
      0.97   0.752347   0.359448   0.486474
      0.98   0.747869   0.359909   0.485954
      0.99   0.739731    0.36102   0.485228
