         0          1   0.164811   0.282983
      0.01   0.984091   0.178784   0.302594
      0.02   0.984091   0.178784   0.302594
      0.03   0.984091    0.17879   0.302602
      0.04   0.984091   0.178762   0.302562
      0.05   0.984091   0.178762   0.302562
      0.06   0.984091    0.17874   0.302531
      0.07   0.984091   0.178758   0.302557
      0.08   0.984091   0.178825   0.302653
      0.09   0.984091   0.178864   0.302709
       0.1   0.984091   0.178971   0.302862
      0.11   0.984091   0.178999   0.302903
      0.12   0.984091   0.179078   0.303015
      0.13   0.984091   0.179258   0.303272
      0.14   0.984091   0.179455   0.303554
      0.15   0.984091   0.179787    0.30403
      0.16   0.984091    0.18005   0.304405
      0.17   0.983995    0.18034   0.304815
      0.18   0.983995   0.180655   0.305265
      0.19    0.98371   0.181169   0.305985
       0.2    0.98371   0.181551    0.30653
      0.21    0.98371   0.182192   0.307443
      0.22    0.98371   0.182973   0.308553
      0.23    0.98371   0.183391   0.309148
      0.24    0.98371   0.184155   0.310233
      0.25    0.98371    0.18445   0.310651
      0.26    0.98371   0.185792   0.312553
      0.27   0.983424   0.186492   0.313527
      0.28   0.983424   0.187939   0.315571
      0.29   0.983424   0.188612   0.316518
       0.3   0.983424   0.190156    0.31869
      0.31   0.983424   0.191502   0.320577
      0.32   0.983424   0.192765   0.322346
      0.33   0.983424   0.194718   0.325071
      0.34   0.983424   0.195255    0.32582
      0.35   0.983138   0.196382   0.327371
      0.36   0.983138   0.197585   0.329041
      0.37   0.982471   0.199549   0.331723
      0.38     0.9819   0.200752    0.33335
      0.39   0.980947   0.202295   0.335419
       0.4   0.980852   0.203573   0.337168
      0.41    0.98009   0.205556   0.339837
      0.42    0.97847   0.207602   0.342529
      0.43   0.978375   0.209288   0.344816
      0.44   0.976565   0.211391    0.34755
      0.45   0.976279   0.212979   0.349675
      0.46   0.971897    0.21477   0.351799
      0.47   0.971801   0.216581   0.354218
      0.48   0.969325   0.218638   0.356797
      0.49   0.968086   0.220283     0.3589
       0.5   0.961036   0.222374   0.361176
      0.51   0.959131   0.224193   0.363435
      0.52   0.957797   0.225499   0.365052
      0.53   0.956845   0.228406   0.368781
      0.54   0.952082   0.229877   0.370338
      0.55   0.949033   0.233352   0.374597
      0.56   0.948366   0.235688   0.377548
      0.57   0.946842   0.237961   0.380335
      0.58   0.946175   0.239616   0.382392
      0.59   0.944841   0.242205   0.385571
       0.6   0.942746    0.24416   0.387868
      0.61   0.938649   0.246986    0.39107
      0.62    0.93703   0.250019   0.394719
      0.63   0.933886   0.251363   0.396109
      0.64   0.927598   0.255074   0.400121
      0.65   0.923788   0.257065   0.402207
      0.66   0.920168   0.259833   0.405237
      0.67   0.915595   0.261612   0.406948
      0.68   0.914261   0.264499   0.410297
      0.69   0.906926   0.265717   0.411013
       0.7   0.897304   0.267157   0.411729
      0.71   0.889778   0.269957   0.414236
      0.72   0.886825    0.27161   0.415855
      0.73   0.882347   0.273967   0.418111
      0.74   0.878251   0.276548   0.420642
      0.75   0.866343   0.279083   0.422169
      0.76   0.863866   0.281958   0.425151
      0.77    0.85815   0.283642    0.42636
      0.78     0.8511   0.284882   0.426879
      0.79   0.844718   0.288019    0.42957
       0.8   0.840907   0.289406   0.430613
      0.81   0.829761   0.290996   0.430882
      0.82   0.813947   0.293299   0.431213
      0.83   0.811184   0.297109   0.434921
      0.84   0.805373   0.300289   0.437465
      0.85   0.803087   0.301592   0.438507
      0.86   0.800895   0.304925   0.441686
      0.87   0.795465   0.306502   0.442503
      0.88   0.789368   0.308548   0.443674
      0.89   0.778508   0.309579   0.442997
       0.9   0.772983   0.312075   0.444637
      0.91   0.769648   0.315337   0.447377
      0.92   0.760884   0.317841   0.448381
      0.93    0.75755   0.320383   0.450318
      0.94   0.754692   0.323435   0.452811
      0.95   0.748404   0.325397   0.453582
      0.96    0.73964    0.32566   0.452213
      0.97   0.735067    0.32856   0.454132
      0.98   0.729447   0.328807   0.453289
      0.99   0.716586    0.33125   0.453065
