         0          1   0.317058   0.481463
      0.01   0.956434   0.377474    0.54131
      0.02   0.956434   0.377474    0.54131
      0.03   0.956434   0.377474    0.54131
      0.04   0.956434   0.377474    0.54131
      0.05   0.956434   0.377492   0.541329
      0.06   0.956434   0.377492   0.541329
      0.07   0.956434   0.377511   0.541348
      0.08   0.956434   0.377499   0.541336
      0.09   0.956434   0.377499   0.541336
       0.1   0.956434   0.377517   0.541355
      0.11   0.956434   0.377573   0.541412
      0.12   0.956434   0.377592   0.541431
      0.13   0.956434   0.377648   0.541489
      0.14   0.956434   0.377685   0.541527
      0.15   0.956434   0.377691   0.541534
      0.16   0.956434   0.377735   0.541579
      0.17   0.956434   0.377742   0.541585
      0.18   0.956434   0.377835   0.541681
      0.19   0.956434   0.377891   0.541738
       0.2   0.956434   0.377885   0.541733
      0.21   0.956434   0.378004   0.541855
      0.22   0.956434   0.378116    0.54197
      0.23   0.956434   0.378284   0.542142
      0.24   0.956434   0.378365   0.542226
      0.25   0.956434   0.378446   0.542309
      0.26   0.956434   0.378654   0.542522
      0.27   0.956386    0.37881   0.542675
      0.28   0.956386   0.379093   0.542965
      0.29   0.956386   0.379333   0.543211
       0.3   0.956386   0.379805   0.543695
      0.31   0.956288   0.380324   0.544211
      0.32   0.956288   0.380727   0.544623
      0.33   0.956239   0.381195   0.545094
      0.34    0.95619   0.381643   0.545544
      0.35   0.956043   0.382102   0.545989
      0.36   0.955847     0.3826   0.546465
      0.37   0.955749   0.383042     0.5469
      0.38   0.955651   0.383302   0.547148
      0.39   0.955015   0.383774   0.547524
       0.4   0.955015   0.384121   0.547877
      0.41   0.954868   0.384781   0.548525
      0.42   0.954183   0.385928   0.549575
      0.43   0.953595   0.386611    0.55017
      0.44   0.953595   0.387306   0.550873
      0.45   0.952959   0.387738   0.551203
      0.46   0.952763   0.388689   0.552131
      0.47   0.952567   0.389532   0.552948
      0.48   0.951931   0.390383   0.553698
      0.49   0.951491   0.390781   0.554023
       0.5   0.951001   0.391425   0.554586
      0.51   0.950414   0.392385   0.555449
      0.52   0.949141   0.392969   0.555816
      0.53    0.94733   0.393911   0.556445
      0.54   0.945617   0.394718   0.556953
      0.55   0.944246    0.39504   0.557036
      0.56   0.943756   0.395661   0.557567
      0.57    0.94312   0.396682   0.558469
      0.58   0.942533   0.397455   0.559131
      0.59   0.941358   0.398434   0.559891
       0.6   0.939938   0.399281   0.560475
      0.61   0.937148   0.400322   0.561001
      0.62    0.93612   0.401134   0.561613
      0.63   0.934554   0.401192   0.561388
      0.64   0.933281   0.402435   0.562373
      0.65   0.932253   0.403064   0.562799
      0.66   0.930246   0.404262   0.563598
      0.67   0.927603   0.404363    0.56321
      0.68   0.923981   0.404962    0.56312
      0.69   0.921827     0.4056   0.563335
       0.7   0.919037   0.406382   0.563565
      0.71   0.916247    0.40716   0.563786
      0.72   0.915561   0.408195   0.564647
      0.73    0.91189   0.408592   0.564326
      0.74   0.910177   0.409294   0.564666
      0.75   0.908023   0.409576   0.564518
      0.76   0.907289   0.410525   0.565277
      0.77   0.904547   0.411518   0.565682
      0.78   0.902932   0.412234   0.566042
      0.79   0.900485   0.413527   0.566775
       0.8   0.899359   0.413595   0.566616
      0.81   0.896862   0.415021   0.567454
      0.82   0.893436   0.414936   0.566688
      0.83   0.891772   0.415874   0.567224
      0.84   0.887758   0.417498   0.567915
      0.85   0.883009   0.417624   0.567056
      0.86   0.879975    0.41808   0.566848
      0.87   0.878017   0.418781   0.567084
      0.88   0.874247   0.420031   0.567438
      0.89   0.872387   0.420747   0.567697
       0.9   0.870038   0.421141   0.567557
      0.91   0.866562   0.420734   0.566446
      0.92   0.864702   0.421003   0.566292
      0.93   0.861716   0.422506   0.567005
      0.94   0.859905    0.42305   0.567101
      0.95   0.854814   0.423397     0.5663
      0.96   0.847423   0.422371   0.563756
      0.97   0.843262   0.422463   0.562914
      0.98   0.841891   0.423105   0.563177
      0.99   0.840521    0.42475   0.564324
