         0          1    0.28722   0.446264
      0.01   0.883608   0.379016   0.530485
      0.02   0.883608   0.379016   0.530485
      0.03   0.883608   0.379016   0.530485
      0.04   0.883608   0.379016   0.530485
      0.05   0.883608   0.379016   0.530485
      0.06   0.883608   0.379016   0.530485
      0.07   0.883608   0.379016   0.530485
      0.08   0.883608   0.379059   0.530527
      0.09   0.883608   0.379101   0.530569
       0.1   0.883608   0.379144    0.53061
      0.11   0.883608   0.379152   0.530618
      0.12   0.883608   0.379194    0.53066
      0.13   0.883608   0.379223   0.530688
      0.14   0.883557   0.379188   0.530645
      0.15   0.883557   0.379316    0.53077
      0.16   0.883557   0.379423   0.530874
      0.17   0.883557   0.379494   0.530944
      0.18   0.883557   0.379539   0.530988
      0.19   0.883557   0.379646   0.531092
       0.2   0.883455   0.379656   0.531084
      0.21   0.883455   0.379864   0.531287
      0.22   0.883302   0.379977   0.531371
      0.23     0.8832   0.380095   0.531467
      0.24     0.8832   0.380153   0.531523
      0.25   0.882996   0.380294   0.531625
      0.26   0.882996   0.380644   0.531967
      0.27   0.882945   0.380671   0.531984
      0.28   0.882893   0.380961   0.532257
      0.29   0.882281   0.380993   0.532177
       0.3   0.882281   0.381334    0.53251
      0.31   0.882281   0.381881   0.533043
      0.32   0.882281   0.382317   0.533468
      0.33   0.881566   0.382673   0.533683
      0.34   0.881566   0.383083   0.534082
      0.35   0.881515   0.383889   0.534855
      0.36   0.881464   0.384155   0.535104
      0.37   0.881107   0.384633   0.535502
      0.38   0.881056   0.384971    0.53582
      0.39   0.880851   0.384855    0.53567
       0.4   0.880239   0.385043   0.535738
      0.41   0.880137   0.385804   0.536456
      0.42   0.879779    0.38641   0.536974
      0.43   0.879728   0.386597   0.537145
      0.44   0.878554   0.387227   0.537534
      0.45   0.878452   0.387647   0.537919
      0.46   0.878197   0.388094   0.538302
      0.47   0.877942   0.388196   0.538352
      0.48    0.87784   0.388342   0.538472
      0.49   0.877176   0.388712   0.538703
       0.5   0.875951   0.389147   0.538889
      0.51   0.875644   0.390439   0.540068
      0.52   0.874777   0.390813   0.540261
      0.53   0.874011   0.391296   0.540575
      0.54   0.872633   0.391805   0.540796
      0.55   0.871816   0.393039   0.541813
      0.56   0.871407   0.393248   0.541933
      0.57   0.870693   0.393903   0.542416
      0.58    0.87008   0.394425   0.542792
      0.59    0.86911   0.395185   0.543321
       0.6    0.86763   0.396029   0.543828
      0.61   0.867477   0.396877   0.544597
      0.62   0.866762   0.397566   0.545104
      0.63   0.865179   0.397951   0.545152
      0.64    0.86421    0.39898   0.545923
      0.65   0.863546   0.399437   0.546219
      0.66   0.860585   0.399986   0.546136
      0.67   0.857471   0.400072   0.545588
      0.68    0.85594    0.40013   0.545332
      0.69   0.855684   0.400845   0.545943
       0.7   0.854306   0.401868    0.54661
      0.71   0.849558   0.401695   0.545475
      0.72   0.847772   0.401931   0.545323
      0.73   0.846138   0.402406   0.545421
      0.74   0.845883   0.403382   0.546263
      0.75   0.844607   0.404813   0.547307
      0.76   0.841646   0.405288   0.547116
      0.77   0.839195    0.40569   0.546963
      0.78   0.836541   0.405765   0.546466
      0.79   0.834397   0.406075   0.546288
       0.8   0.832304   0.406232   0.545981
      0.81     0.8297   0.406791   0.545923
      0.82    0.82577   0.407017   0.545272
      0.83   0.825106   0.407982   0.545993
      0.84   0.823728   0.408558   0.546205
      0.85   0.822605   0.408444   0.545856
      0.86   0.818776   0.408282   0.544866
      0.87   0.815509   0.408408   0.544254
      0.88   0.814845   0.408803   0.544456
      0.89   0.813365   0.409789   0.544997
       0.9   0.809689   0.409877   0.544247
      0.91    0.80826   0.410355   0.544345
      0.92   0.807341   0.410187   0.543989
      0.93   0.802951   0.410438   0.543208
      0.94   0.800449   0.410739   0.542898
      0.95   0.798611   0.411379   0.543032
      0.96   0.795497   0.411913   0.542774
      0.97   0.792843   0.411693   0.541964
      0.98   0.791771   0.411781    0.54179
      0.99   0.785594   0.412432   0.540896
