         0          1   0.273534   0.429567
      0.01    0.97807   0.363493   0.530011
      0.02    0.97807   0.363493   0.530011
      0.03    0.97807   0.363493   0.530011
      0.04    0.97807   0.363493   0.530011
      0.05    0.97807   0.363493   0.530011
      0.06    0.97807   0.363493   0.530011
      0.07    0.97807   0.363458   0.529973
      0.08    0.97807   0.363458   0.529973
      0.09    0.97807   0.363458   0.529973
       0.1    0.97807   0.363478   0.529995
      0.11    0.97807   0.363498   0.530017
      0.12    0.97807   0.363498   0.530017
      0.13   0.978022   0.363427   0.529934
      0.14   0.978022   0.363411   0.529917
      0.15   0.978022   0.363452   0.529961
      0.16   0.978022   0.363473   0.529982
      0.17   0.978022   0.363534   0.530048
      0.18   0.978022   0.363534   0.530048
      0.19   0.978022   0.363575   0.530091
       0.2   0.978022   0.363657   0.530178
      0.21   0.978022   0.363718   0.530243
      0.22   0.978022   0.363749   0.530276
      0.23   0.978022   0.363831   0.530363
      0.24   0.978022   0.363938   0.530477
      0.25   0.978022   0.363985   0.530526
      0.26   0.978022    0.36398   0.530521
      0.27   0.978022   0.364206   0.530761
      0.28   0.978022   0.364329   0.530892
      0.29   0.978022   0.364329   0.530892
       0.3   0.978022   0.364484   0.531057
      0.31   0.978022   0.364999   0.531604
      0.32   0.978022   0.365372   0.531998
      0.33   0.978022   0.365725   0.532373
      0.34   0.978022   0.365917   0.532576
      0.35   0.978022   0.366454   0.533145
      0.36   0.978022   0.366701   0.533406
      0.37   0.978022   0.367022   0.533746
      0.38   0.978022   0.367282    0.53402
      0.39   0.977683   0.367743   0.534457
       0.4   0.977683   0.368077    0.53481
      0.41   0.977296   0.368536   0.535236
      0.42   0.977296   0.369024   0.535751
      0.43   0.977296   0.369283   0.536023
      0.44   0.977247   0.369653   0.536406
      0.45   0.977247   0.370003   0.536774
      0.46   0.977247   0.370497   0.537294
      0.47   0.977102   0.370765   0.537553
      0.48   0.977102    0.37146   0.538284
      0.49   0.977054   0.372015   0.538859
       0.5   0.977054   0.372974   0.539864
      0.51   0.977005   0.373329   0.540228
      0.52   0.976909   0.373753   0.540657
      0.53   0.976376   0.374689   0.541554
      0.54   0.976376   0.375015   0.541894
      0.55   0.975698   0.376179   0.543004
      0.56   0.975698   0.376594   0.543436
      0.57   0.975408   0.377396   0.544225
      0.58   0.975359   0.377908    0.54475
      0.59   0.974779   0.378876   0.545664
       0.6    0.97473   0.379417   0.546217
      0.61   0.974536   0.380195   0.546992
      0.62   0.974391   0.381238   0.548048
      0.63   0.974198   0.381809   0.548607
      0.64   0.973956   0.383054   0.549852
      0.65   0.973907   0.383748    0.55056
      0.66   0.973859   0.384931   0.551768
      0.67   0.973859   0.385628   0.552484
      0.68    0.97381   0.387056    0.55394
      0.69   0.973617   0.387576   0.554441
       0.7   0.973617   0.388995   0.555891
      0.71    0.97352   0.390022   0.556923
      0.72   0.973133    0.39079   0.557642
      0.73   0.973084   0.391998   0.558863
      0.74   0.973084   0.393203   0.560087
      0.75   0.972794   0.394595   0.561449
      0.76   0.972794    0.39585   0.562718
      0.77   0.971971   0.397059     0.5638
      0.78   0.971971   0.398115   0.564864
      0.79   0.971922   0.399562   0.566311
       0.8   0.971729   0.400333   0.567052
      0.81   0.971729   0.402055   0.568777
      0.82   0.971341   0.403407   0.570062
      0.83   0.971341   0.404592   0.571244
      0.84   0.971293   0.406601   0.573235
      0.85   0.971245   0.407346   0.573967
      0.86   0.971148   0.408971   0.575561
      0.87   0.971099   0.410489   0.577054
      0.88   0.970954   0.411988   0.578508
      0.89   0.970954   0.413245   0.579746
       0.9   0.970712   0.414255   0.580696
      0.91   0.969986   0.416103   0.582378
      0.92   0.969938   0.416926   0.583175
      0.93   0.969744    0.41779   0.583984
      0.94    0.96955   0.418736   0.584873
      0.95   0.969502   0.420788   0.586863
      0.96    0.96926   0.422639   0.588616
      0.97   0.968437   0.424443    0.59021
      0.98   0.968243   0.425215   0.590921
      0.99   0.967517   0.426481   0.592006
