         0          1   0.279386    0.43675
      0.01   0.935928   0.348501   0.507886
      0.02   0.935928   0.348501   0.507886
      0.03   0.935928   0.348502   0.507887
      0.04   0.935928   0.348505   0.507891
      0.05   0.935928   0.348509   0.507894
      0.06   0.935924   0.348523   0.507909
      0.07   0.935922   0.348541   0.507928
      0.08   0.935919   0.348593   0.507983
      0.09   0.935904   0.348645   0.508035
       0.1   0.935892   0.348732   0.508126
      0.11   0.935852   0.348831   0.508225
      0.12   0.935808   0.348907   0.508299
      0.13   0.935726   0.349036   0.508424
      0.14   0.935649   0.349142   0.508525
      0.15   0.935544   0.349358   0.508739
      0.16   0.935403   0.349491   0.508859
      0.17   0.935175   0.349714   0.509062
      0.18   0.935015   0.349875   0.509208
      0.19   0.934782   0.350143   0.509458
       0.2   0.934586    0.35038   0.509679
      0.21   0.934275   0.350723   0.509995
      0.22   0.933968   0.351143   0.510394
      0.23   0.933702   0.351397   0.510622
      0.24   0.933278   0.351938    0.51113
      0.25   0.933064     0.3523   0.511479
      0.26    0.93261   0.352965   0.512111
      0.27   0.932344   0.353401    0.51253
      0.28   0.931744   0.354089   0.513162
      0.29   0.931435   0.354567   0.513616
       0.3   0.930805   0.355355   0.514347
      0.31     0.9301   0.356202   0.515125
      0.32   0.929704    0.35683   0.515721
      0.33    0.92895   0.357783   0.516599
      0.34   0.928424   0.358466   0.517229
      0.35   0.927701   0.359548   0.518242
      0.36   0.927298   0.360327   0.518988
      0.37   0.926323   0.361433    0.51998
      0.38   0.925645   0.362196   0.520662
      0.39   0.924656   0.363391   0.521738
       0.4    0.92385    0.36424   0.522484
      0.41   0.922918   0.365528   0.523658
      0.42   0.921694   0.366882   0.524847
      0.43   0.920776   0.367751   0.525587
      0.44   0.919572   0.369095    0.52676
      0.45   0.918781   0.370056   0.527609
      0.46   0.917437   0.371571   0.528923
      0.47   0.916472   0.372577   0.529781
      0.48   0.914914   0.374046   0.531002
      0.49   0.913848   0.375014   0.531796
       0.5   0.912083    0.37649   0.532977
      0.51   0.910505   0.378067   0.534284
      0.52   0.909235   0.379026   0.535021
      0.53   0.907244   0.380676   0.536316
      0.54   0.905677   0.381764   0.537119
      0.55   0.903587    0.38347   0.538435
      0.56   0.902093   0.384547   0.539229
      0.57   0.900009   0.386083   0.540363
      0.58   0.898692   0.387205   0.541222
      0.59    0.89632   0.388921   0.542463
       0.6   0.894745   0.390125   0.543343
      0.61    0.89243   0.391912   0.544643
      0.62   0.890125   0.393645   0.545882
      0.63    0.88844   0.394784   0.546658
      0.64   0.885755   0.396612   0.547895
      0.65   0.883965   0.397875   0.548755
      0.66   0.881518    0.39966   0.549975
      0.67   0.879875   0.400852   0.550781
      0.68   0.877109   0.402535   0.551821
      0.69   0.875468   0.403748   0.552633
       0.7   0.872542   0.405573   0.553752
      0.71   0.869886   0.407402   0.554915
      0.72   0.868019   0.408633   0.555674
      0.73   0.865149   0.410445   0.556754
      0.74   0.862815   0.411631   0.557358
      0.75   0.859999   0.413434   0.558416
      0.76   0.857996   0.414698   0.559143
      0.77   0.855144   0.416469    0.56014
      0.78   0.853041   0.417731   0.560827
      0.79    0.85001   0.419485   0.561745
       0.8    0.84769   0.420635   0.562266
      0.81   0.844438   0.422411   0.563129
      0.82   0.841055   0.424191   0.563951
      0.83    0.83899   0.425504   0.564643
      0.84   0.835445    0.42736   0.565465
      0.85   0.833027   0.428447   0.565858
      0.86   0.829605   0.430178    0.56657
      0.87   0.827031   0.431252   0.566897
      0.88   0.822882   0.432858   0.567301
      0.89   0.820334   0.434091   0.567749
       0.9    0.81635   0.435681   0.568146
      0.91   0.812691   0.437335   0.568658
      0.92   0.810171   0.438582    0.56909
      0.93   0.806013   0.440199   0.569416
      0.94   0.803195   0.441348   0.569668
      0.95   0.799201   0.443011   0.570039
      0.96   0.796142   0.444163    0.57021
      0.97   0.791956   0.445892    0.57055
      0.98   0.789284   0.446996   0.570755
      0.99    0.78487   0.448717   0.570992
