    119082       0.72   0.969144   0.561546   0.711077
     58060          0          1   0.374026   0.544424
     42049       0.99   0.977219   0.905785   0.940147
     24077        0.3   0.885787    0.53307   0.665587
     78004       0.99   0.892698   0.570229   0.695923
     45096       0.51   0.810928   0.751595   0.780135
     38092       0.99   0.923194   0.597121    0.72519
     43074       0.99   0.543871   0.524857   0.534195
     16077       0.99   0.774632   0.416633   0.541839
     86000       0.68      0.875   0.458171   0.601422
    101085       0.99   0.972392   0.485873   0.647974
     89072       0.75   0.844607   0.404813   0.547307
    126007       0.84   0.865836   0.575102   0.691139
     76053       0.83   0.711847   0.610422   0.657245
     86016          0          1   0.363236   0.532903
    103070       0.83   0.664114   0.519934   0.583245
      8023       0.99   0.870976   0.293335   0.438866
     41033       0.98   0.754446   0.518304   0.614469
    109053       0.88   0.716787   0.444719   0.548889
    130026       0.99   0.624192   0.216357   0.321333
    108082       0.67   0.789164   0.171307   0.281507
     69040          0          1   0.319512   0.484288
     14037       0.83   0.694906   0.684486   0.689656
     54082       0.46   0.832527   0.630316   0.717446
     62096       0.99   0.956495   0.321784   0.481561
     12084       0.99   0.907409   0.338052   0.492591
     69015       0.86   0.799301   0.837776   0.818086
     97033       0.99   0.967517   0.426481   0.592006
     19021       0.99   0.840099   0.633375   0.722236
     86068       0.97   0.735067    0.32856   0.454132
      3096        0.7   0.721284   0.884419   0.794565
     41069       0.99    0.89417   0.203952   0.332145
     21077       0.86   0.952873   0.583203   0.723556
    108070          0          1   0.230724    0.37494
    123074       0.99   0.565793   0.260929    0.35715
     38082       0.73   0.862903   0.497435   0.631076
     33039          0          1   0.331079    0.49746
    108005       0.92   0.802252   0.392901   0.527473
    106024       0.99   0.587828   0.530985   0.557963
    102061       0.99   0.842222   0.373976   0.517959
     37073       0.49   0.958601   0.871162   0.912792
     65033       0.99   0.888272   0.518022   0.654407
     55073       0.99   0.862678   0.460288   0.600288
     66053       0.97   0.764094   0.458775    0.57332
     85048       0.99   0.920306    0.47054   0.622701
     42012       0.53   0.808382   0.514085   0.628488
     87046       0.84   0.887758   0.417498   0.567915
    105025       0.99   0.834462   0.380232   0.522418
    101087       0.98   0.878822   0.791625   0.832947
     69020       0.99   0.853505   0.519621    0.64597
